#ELSD# 2048 1024 texture1.pgm (width height input)
# FORMAT:
#   line <x1> <y1> <x2> <y2>
#   circle <cx> <cy> <rx> <ry> <angle_start> <angle_end>
#   eclipse <x> <y> <rx> <ry> <rotation> <angle_start> <angle_end>
line 1905.531186 833.281494 1995.630590 839.291196
line 1559.339479 456.084493 1581.962306 455.067941
line 1695.597456 461.385369 1718.166670 460.115736
line 1049.194674 844.185510 1077.161363 848.940877
line 1736.935325 651.386810 1696.791116 654.565680
line 1177.512471 469.462141 1173.415774 558.196135
line 1103.081547 488.162360 1088.055006 470.685179
line 1608.107427 867.707623 1743.236292 862.018346
line 0.606438 840.350701 135.748864 831.205353
line 1695.693393 654.690060 1674.374855 655.621677
line 1744.300504 861.356627 1841.939644 847.324820
line 1087.071769 471.164208 1070.050007 466.452054
line 1511.798953 862.101634 1606.868679 866.997730
line 1610.849993 424.574994 1628.436212 404.790521
line 1077.933446 849.830735 1171.902130 860.383418
line 1588.077934 414.724813 1605.927539 417.126418
line 1417.708209 443.732008 1405.411044 457.527089
line 1665.775210 315.085451 1718.374450 329.728983
line 1173.051729 860.316210 1260.662759 863.245805
line 1765.689960 647.514319 1755.415011 648.558334
circle 966.627732 404.041077 -3.970865 -3.970865 0.000000 4.758652 10.917667
line 1170.698595 504.366935 1167.119814 471.711182
line 1788.225198 643.947575 1767.917468 646.421266
line 1651.884832 636.512240 1615.611583 636.914200
line 1279.368355 472.239251 1298.134913 472.581597
line 1717.811676 330.443742 1760.018498 305.834789
line 876.737990 253.647099 901.405410 291.364608
line 1068.059486 466.869437 1065.503399 496.970819
line 1564.400419 542.073535 1597.006097 537.898931
line 1745.705496 650.099050 1735.827584 651.197219
line 1645.603884 693.119809 1643.143044 703.129436
line 356.854546 830.301669 453.140407 832.426986
line 1024.141912 839.249872 1048.404253 844.277339
line 1433.114104 851.961387 1510.797171 861.760036
line 1868.937461 401.791813 1879.362745 408.145110
line 1842.324568 845.632474 1842.137623 825.610876
line 1842.896348 824.901454 1904.572579 832.839956
line 1065.218739 464.364452 1065.770111 443.128768
line 16.202621 388.356670 21.387429 375.429447
line 308.099886 825.942658 355.697676 829.705749
line 1106.991035 437.557375 1128.545849 432.375629
line 896.849757 856.552708 1021.963378 846.753370
line 1293.097157 862.729381 1393.217056 855.682994
line 1091.335975 431.420931 1109.794963 439.122421
line 1646.298940 663.315060 1653.893143 636.386592
line 1309.622941 556.824177 1308.544727 578.082890
line 1757.002543 663.840745 1838.342622 649.346250
line 1261.842780 862.742157 1291.905071 862.148963
line 1804.431056 640.945280 1789.240067 643.604054
line 1879.994224 690.369259 1835.468663 662.121426
line 1604.513743 418.502604 1612.765357 415.783569
line 1732.492137 568.073377 1726.936750 501.660711
line 1644.668333 670.705421 1646.555272 693.151878
line 1270.573167 349.258862 1280.772995 344.706599
line 1098.074230 505.757422 1100.589040 482.983001
line 1898.951267 393.742245 1891.254281 388.458336
line 1883.983508 391.182323 1878.875517 399.050747
line 1845.610958 653.050252 1749.466381 671.111448
line 1650.606447 669.883774 1701.886895 668.600242
line 1106.728482 484.369831 1106.152822 500.687718
line 1996.869045 838.914983 2045.635119 839.282562
line 1666.891421 554.730294 1689.401111 553.689945
line 1880.092233 403.174057 1900.506743 407.440806
line 1058.092363 503.637060 1044.397994 502.764237
line 1215.765626 439.473832 1208.756359 449.447214
line 405.618181 499.678705 604.352193 504.140799
line 1946.842083 621.302233 1993.099571 620.466882
line 1288.334711 579.627419 1290.791214 553.256925
line 1623.358934 591.993758 1621.578817 576.763517
line 136.795617 830.107152 203.209511 819.926300
line 1164.664212 548.055208 1167.561146 508.174842
line 1707.100180 669.767779 1751.774813 663.644098
line 934.570598 364.292636 952.854200 407.712672
line 1199.612306 452.326504 1214.760348 456.828367
line 1615.537195 637.033658 1535.536362 632.047029
line 1889.620096 391.279930 1883.593025 393.535460
line 1230.890721 451.584958 1218.491243 440.225235
line 1164.429359 474.390345 1120.618779 475.337135
line 1649.402548 678.671080 1743.166164 673.940978
circle 963.710035 676.307004 -2.377143 -2.377143 0.000000 0.207604 6.211744
line 1336.184595 565.603038 1335.665665 581.916057
line 1630.626203 622.516991 1679.376012 622.613470
line 1724.703212 500.571479 1801.986142 490.203452
line 1175.430304 568.420302 1171.588904 598.408594
line 855.613609 856.014049 895.639679 855.484464
line 1250.955816 360.358902 1273.664703 350.054774
line 1640.609679 710.619620 1631.697111 736.001461
line 1393.360901 854.878666 1432.082811 849.669849
line 1089.230307 453.594492 1074.504655 456.324388
line 1762.009477 671.330582 1845.812461 655.358586
line 1669.328479 727.317371 1725.607753 724.075578
line 1895.706061 399.606898 1896.524259 394.910566
line 896.239853 273.579093 881.703854 253.247359
line 1727.293568 744.738230 1786.753797 736.045905
line 1551.935169 760.534018 1587.079743 720.806122
line 1658.782059 645.828619 1653.505505 662.855548
line 1046.028808 500.976076 1050.420396 464.652518
line 1672.062520 683.141780 1670.378191 701.964768
line 1673.126479 675.519264 1650.630882 675.204551
line 1700.739379 317.544100 1669.707951 311.434032
line 1663.925452 662.231729 1666.605316 646.828081
line 1405.522485 459.546503 1426.855937 460.104198
circle 1162.097274 555.611377 -1.618215 -1.618215 0.000000 0.133091 6.075598
line 1679.437997 615.519916 1624.246022 616.971702
line 1670.317559 702.943491 1667.663484 725.716892
circle 953.712486 716.666302 -2.977233 -2.977233 0.000000 4.935818 10.803633
line 205.475092 811.579722 249.513256 818.494484
line 1218.154014 346.812439 1230.349736 352.468527
line 1051.054017 465.925497 1057.810069 456.279952
line 250.577946 817.219746 312.939858 825.731464
line 1075.583636 668.279761 1101.890531 667.286226
line 1960.126259 462.737300 1955.607141 483.121041
line 1544.297534 644.166290 1626.805858 650.304408
circle 908.401741 833.475269 -3.265859 -3.265859 0.000000 5.435551 11.397072
line 1126.781569 494.091381 1166.890068 497.969146
line 1371.903537 576.830650 1371.178321 596.804319
line 1769.401698 718.242117 1842.112486 701.666777
line 1516.962657 639.624026 1476.674496 653.805385
line 1725.387056 723.923836 1768.271931 717.925476
line 151.618171 364.103152 126.482357 388.990903
line 111.136059 504.335905 115.545504 561.976705
line 979.944570 523.299682 981.156462 510.676021
line 1743.142346 670.865746 1674.389023 675.819618
line 1704.630968 551.516462 1715.629568 559.368601
line 1258.874261 579.540106 1257.661746 566.682922
line 1760.470230 304.723827 1749.680454 299.936555
line 1685.158768 619.381595 1696.665733 615.066901
line 1579.435907 545.906793 1564.072912 549.227350
line 1215.553257 454.461688 1230.577068 455.268049
line 916.406126 641.837179 917.073256 655.615401
line 1119.910756 473.758686 1107.187287 484.515885
line 1590.714337 545.276168 1580.566233 546.282197
line 1313.302314 599.339386 1315.812546 611.837331
line 1090.348047 468.182129 1113.122429 470.648734
line 1090.267394 478.071934 1088.761572 488.219463
line 1597.958870 550.634482 1600.531076 595.701704
line 1219.832034 601.724950 1225.485412 571.848586
line 1991.881168 611.711786 1951.868268 611.938872
line 699.263826 657.072532 720.210409 668.861635
line 1660.631302 747.387750 1689.379201 747.633480
line 1694.305350 759.957926 1730.551748 756.173422
line 1630.620896 575.483533 1666.912878 574.430784
line 1177.883029 599.364833 1177.306298 613.090600
line 1855.964794 716.627187 1884.050497 707.104654
line 263.185692 433.463222 208.163001 443.336767
line 1671.924406 574.242713 1713.204257 572.418031
line 1925.727669 684.069751 1907.739997 678.019663
line 919.238996 290.551318 956.898054 288.561264
line 1562.683035 551.836117 1564.972147 599.406416
line 1510.703570 649.068251 1535.634710 646.991573
line 626.608089 832.155540 649.713340 836.184870
line 1520.403356 613.123947 1520.522140 588.124511
line 1691.181403 749.313339 1692.291330 759.328862
line 1958.215528 830.299248 1945.713039 831.523839
line 1117.538599 427.758905 1106.454483 407.667390
line 1697.558657 505.564676 1699.000738 521.908024
line 1676.111619 586.868594 1676.195528 576.869298
line 1910.626327 599.323662 1929.363805 599.808046
line 1526.109189 584.406014 1527.223130 611.911525
line 1140.620302 548.862136 1165.606753 548.633229
line 1491.815596 596.763761 1475.535618 605.457626
line 1210.394247 343.683953 1217.938652 346.798511
line 1995.644956 638.077979 1949.366219 638.845702
line 53.694244 826.731994 46.322343 828.512400
line 1816.478155 479.321630 1958.658335 464.486483
line 680.629891 708.146052 646.679691 716.034421
line 966.804610 507.507291 1000.416365 511.249114
line 1055.837666 560.454478 1060.955418 491.806445
line 1117.967829 665.289437 1160.913202 661.032410
line 1072.798482 461.739521 1090.278273 467.864507
line 1671.858599 505.067315 1695.661535 504.367283
line 1674.419528 576.038612 1665.503720 576.998456
line 1370.650155 595.628556 1368.695693 609.455667
line 1000.392917 513.075749 999.601793 536.882537
line 1641.052257 583.146086 1640.310742 598.171181
line 1102.121512 667.728506 1117.207305 665.960586
line 1773.887012 674.052968 1745.186432 682.962173
line 1105.003930 417.751043 1095.444145 424.614222
line 1327.552865 558.581938 1334.356174 564.397025
line 1605.712042 560.606653 1609.854840 580.260368
line 1057.557696 634.028913 1074.746853 667.936492
line 269.418483 326.998116 217.964695 345.171122
line 1943.111107 643.282991 1996.900109 642.598683
line 1835.105038 662.936213 1774.431908 674.669278
line 1750.711740 303.293435 1728.348880 314.809740
line 111.317425 556.920096 107.174996 505.701834
line 0.598631 637.905949 63.244145 630.364753
line 1841.219756 701.252313 1876.682468 690.017284
line 1786.144052 735.056786 1857.794416 717.987348
line 83.119300 502.721986 110.649153 502.332594
line 878.573279 565.666335 885.026067 495.685033
line 1225.557737 583.021894 1240.725496 583.911458
line 64.264895 630.080956 106.079044 621.618490
line 2031.893324 391.614662 2046.013283 392.608507
line 1910.750891 616.720961 1912.959660 600.602343
line 1695.624101 613.118151 1680.394288 615.118164
line 1135.544176 620.130026 1108.161944 624.601249
line 1174.740281 652.513216 1163.695876 645.918878
line 677.547795 644.027980 693.622008 654.302981
line 1077.052990 471.819762 1075.764900 496.817799
line 1957.955059 484.343900 1958.238860 505.606796
line 1608.445522 628.103203 1605.212839 580.568022
line 1997.906635 641.706033 2045.700331 637.795734
line 1590.098271 722.510592 1554.468404 763.055549
line 1896.747849 659.541046 1893.259426 630.608792
line 1079.473505 485.689219 1086.484361 474.935245
line 2004.480223 600.667585 2008.661469 590.336224
line 1157.852809 662.052423 1177.834817 656.981527
line 1701.916279 471.652588 1553.108017 467.480804
line 934.952010 544.432421 936.811876 525.743112
line 46.591128 568.671187 52.824679 586.177044
line 39.333997 590.432965 40.944817 600.574201
line 1701.872851 593.993685 1720.629301 593.887962
line 2007.352695 590.767440 2017.279291 578.450840
line 1641.542536 700.570934 1640.070167 675.584037
line 1004.281083 539.298760 1006.056216 508.007639
line 1148.001195 523.903210 1157.067243 545.544465
line -0.349363 391.730590 5.827688 390.185121
line 83.811896 494.325936 83.101234 484.376698
line 1569.314077 553.071679 1595.681754 551.839146
line 674.931211 672.370781 663.464578 663.914534
line 208.031485 443.960681 119.940770 463.843528
line 1695.613144 563.273541 1675.640613 561.679385
line 1569.482322 599.303483 1567.110916 554.296707
line 84.773752 482.953071 96.296700 478.691015
line 1372.481033 641.860399 1372.934285 621.870676
line 1619.836951 405.190998 1608.055379 393.213891
line 1721.882642 579.528706 1705.548725 580.340746
line 1343.147606 587.223894 1363.166366 587.726114
line 1782.705008 449.170432 1702.864708 472.223525
line 1322.225900 511.843732 1321.616521 529.366011
line 450.697738 832.128093 543.162675 827.653532
line 1004.455979 504.459076 956.838410 501.151818
line 1033.061381 529.339637 1048.115882 529.728236
line 51.718684 587.953916 41.702379 589.055684
line 1542.601780 599.334145 1541.901315 586.873521
line 1721.902108 594.371092 1724.071197 609.418792
line 900.839437 283.519793 893.488728 270.932609
line 212.575487 344.205747 269.489092 322.169670
line 962.899322 506.853886 961.971878 516.767118
line 511.910366 642.390868 403.111770 637.149628
line 1569.117833 435.470230 1551.762765 464.307454
line 1110.474726 471.934863 1156.856737 469.078454
line 1698.121329 523.069951 1673.066031 524.740642
line 1110.799283 623.346528 1099.245592 621.388659
line 1855.482932 769.374984 1855.487492 729.374984
line 615.747121 828.996299 625.900550 832.270509
line 740.498345 850.473890 856.747361 856.742156
line 1609.590690 390.283315 1596.667817 391.101120
line 801.603105 479.668517 840.468270 486.514736
line 660.581845 510.274517 771.887364 512.509154
line 1085.625187 609.183388 1069.373983 609.167538
line 1528.130266 644.421567 1507.964093 646.702219
line 1124.457564 656.746451 1076.884670 658.402734
line 1701.403483 581.785177 1702.700904 593.029705
line 1277.370708 590.489569 1264.150155 596.369450
line 41.740796 601.800040 71.812115 598.754149
line 2045.798140 632.845881 1998.003921 636.571911
line 1159.255696 653.410575 1140.492812 654.421442
line 1745.659632 680.077775 1674.152091 683.601619
line 1899.737066 679.975159 1887.009393 672.883789
line 1283.172751 338.245841 1260.293701 347.286596
line 175.011734 625.705433 173.336597 612.933303
line 95.525735 479.153592 94.459637 491.669257
line 878.857453 495.576442 872.176363 566.785996
line 888.368100 498.148068 882.669694 558.200409
line 1062.238499 546.800094 1063.109773 565.567676
line 1661.873553 593.983548 1690.625578 594.032023
line 187.624920 635.632657 187.394719 620.597903
line 1690.626996 670.673736 1709.294476 669.909107
line 653.007166 676.283938 678.098903 680.770937
line 1813.798670 821.889544 1793.032950 832.952213
line 1229.862146 352.091378 1239.754651 358.268779
line 1066.453393 565.607218 1067.190169 548.138293
line 1375.348950 621.550482 1385.814890 622.878519
line 925.725612 560.236955 923.659975 573.009361
line 1686.880766 569.535044 1671.855234 570.076397
line 418.097424 633.015975 540.616489 635.977128
line 1101.206923 455.237106 1089.185634 452.814763
line 1452.174924 533.121515 1451.884338 508.110369
line 1056.883476 605.227505 1084.368331 604.954247
line 1195.598539 611.448840 1205.637450 610.825510
line 1163.463273 645.903697 1145.613646 633.140880
line 885.296028 494.901172 900.470047 497.711615
line 1084.805848 604.970686 1077.157466 578.403542
line 9.591413 598.197311 10.461669 610.636427
line 175.401715 648.093617 174.790958 628.112286
line 1931.827872 699.385833 1928.785169 686.148605
line 845.380874 579.467588 853.554927 490.664573
line 1105.429890 517.286186 1121.039134 513.655436
line 937.703788 515.584874 938.895125 503.079285
line 1067.081694 499.461911 1064.467387 543.279670
line 1533.094621 565.011230 1560.650852 563.647292
line 1622.857788 610.716254 1624.615937 591.781306
line 925.240569 659.321506 914.618083 735.658825
circle 1274.898903 784.034055 -3.404451 -3.404451 0.000000 4.401882 10.498685
line 650.523965 837.598227 739.459165 850.022536
line 14.018925 378.390331 6.550077 368.367118
line 1650.385750 521.907455 1653.950077 548.182642
line 1030.987834 543.345538 1033.047163 528.285281
line 1531.530589 584.382846 1530.932289 558.118000
line 1605.449952 579.392271 1603.593764 560.578751
line 2018.044335 585.154071 2029.215355 583.240604
line 1610.850661 578.265315 1612.387183 603.170519
line 1267.358472 611.368387 1276.918446 596.903714
line 180.633353 614.493020 182.290255 649.473746
line 689.353639 705.656168 712.507984 721.525278
line 1694.909329 549.486032 1701.143928 519.482832
line 1230.519163 603.695152 1238.221682 602.496043
line 93.085669 621.565120 0.490773 633.317442
line 435.519812 830.418634 395.547908 826.389879
line 104.964498 247.535032 136.510653 215.268784
line 1551.870218 467.921678 1456.834591 470.157045
line 1354.489755 591.178772 1344.901490 593.165685
line 1318.178428 611.973628 1340.668921 611.511226
line 541.814281 634.729965 590.594183 631.420738
line 2045.786123 363.365472 2039.445151 367.614108
line 854.183897 489.152257 876.830310 493.365227
line 2027.918301 511.705801 2025.879411 529.259360
line 1012.779701 501.839525 996.203416 663.184425
line 194.497874 620.778606 195.538360 636.880599
line 1610.647629 629.921518 1645.742731 628.468406
line 598.196437 636.787960 513.056989 642.017824
line 1793.696739 831.631164 1776.450195 820.005175
line 2008.777905 506.107654 2021.373498 501.361334
line 1053.346342 564.488472 1053.737059 559.422203
line 1383.116993 714.374698 1382.362107 734.393368
line 994.791631 570.649976 996.891197 535.625971
line 1142.529949 607.277041 1135.588412 618.585227
line 1631.872269 611.705064 1675.631056 611.001794
line 1891.584952 630.379262 1905.961676 613.410244
line 1899.424678 678.120606 1897.879230 660.646737
line 1622.907578 673.822919 1590.490610 721.784166
line 1194.220033 461.133683 1178.403135 456.315176
line 920.148914 573.212828 921.845438 558.263501
line 1140.487733 655.158607 1124.503330 655.898268
line 1648.307930 734.680710 1659.109437 684.051661
line 1166.053105 500.540769 1163.871963 521.823447
line 1672.291335 524.336884 1670.568218 505.515758
line 1721.256200 565.469321 1724.811414 579.883961
line 1601.727784 597.305007 1570.546597 599.522585
line 961.442403 561.834263 966.386757 509.329023
line 1070.773606 837.279604 1059.390890 838.301925
line 1501.896249 598.424348 1490.614364 599.225167
line 1529.375715 608.134194 1604.408225 602.302486
line 1246.677789 607.404753 1266.982519 609.654684
line 1660.455598 631.122426 1675.663990 629.835918
line 1881.835095 669.461433 1871.689307 664.777201
line 1619.120812 685.486502 1624.752908 675.149827
line 709.387232 728.105183 689.664330 715.931394
line 1877.423672 814.218838 1866.417695 819.708104
line 1279.378908 486.853920 1239.139631 479.394715
line 1256.726274 566.764760 1264.396483 559.353550
line 1571.889783 583.323013 1596.936823 581.453106
line 1613.765013 606.525036 1611.592440 618.071835
line 1998.047986 593.099954 1997.244798 635.655572
line 189.210389 655.634689 188.037289 635.703735
line 1506.809007 647.979547 1474.213247 662.768485
line 2035.952223 374.175952 2037.777869 388.642064
line 857.770674 493.203012 851.122908 569.527241
line 83.545168 550.589449 80.263084 511.799857
line 1651.574118 548.165936 1648.166471 523.119358
line 16.863913 610.482258 26.900452 609.702675
line 1242.797595 633.076860 1245.549049 614.363833
line 1125.422824 628.379598 1137.192147 637.725620
line 1093.772164 650.656978 1082.572980 645.390689
line 1376.184560 544.293465 1372.476201 575.695996
line 1277.067518 580.618835 1290.689144 582.706468
line 1054.871066 593.275035 1052.574719 581.735754
line 1646.815976 595.626577 1646.547138 585.566951
line 1559.064761 776.605459 1586.984488 744.470125
line 8.554057 386.283704 10.102538 377.586849
line 1243.151044 483.012552 1182.633737 468.996066
line 1764.460124 464.745605 1711.863837 476.826400
line 842.674876 489.224741 834.595116 580.644454
line 1410.898787 563.127058 1411.265201 514.379812
line 1369.596421 579.400409 1373.751016 543.196839
line 1640.674818 661.887083 1644.319268 646.861482
line 998.166178 526.360726 980.877107 524.976397
line 999.002272 563.089127 1001.647646 535.603118
line 1495.316255 649.788117 1519.874201 640.728132
line 1091.973379 424.260334 1091.184855 432.179668
line 1534.363699 585.368765 1561.920357 584.153411
line 1092.559007 618.487761 1087.331867 610.332181
line 1808.968233 642.283053 1798.975875 632.275424
line 194.849028 640.557254 197.575151 659.632228
line 226.379854 347.959706 269.700011 332.803990
line 1703.060882 520.612793 1698.292823 545.656951
line 114.317594 565.282014 83.455978 552.335991
line 172.956314 629.756754 163.203528 625.447282
line 1529.253739 762.263121 1461.352124 741.048575
circle 1192.667673 816.449861 -3.109292 -3.109292 0.000000 2.707980 8.553228
line 112.893843 401.276892 128.466419 395.258406
line 220.628285 445.649206 279.315224 437.684545
line 1569.373345 563.105266 1596.889430 560.797020
line 1415.981938 554.373976 1415.910187 529.374181
line 1311.744392 573.892627 1329.413103 575.036384
line 1067.647512 578.183334 1065.756233 603.229300
line 1449.354482 594.659254 1469.372004 594.233969
line 1598.325608 397.244323 1593.478635 403.019846
line 121.715566 523.064471 120.605082 503.056727
line 1533.111528 536.553894 1558.172303 535.502489
line 2011.762635 545.616749 2001.973527 536.766027
line 2011.575061 645.566158 2012.273943 656.850292
line 1862.817079 730.568823 1865.731512 779.443187
line 1859.655401 794.498280 1796.006683 807.494310
line 1113.532359 499.212962 1112.079718 484.354985
line 93.093986 493.981270 85.542379 494.576116
line 598.130180 511.586483 411.872896 508.242199
line 960.721906 516.981911 952.959783 516.323873
line 1465.495982 588.541205 1495.702035 590.880136
line 1720.668615 601.285692 1675.617390 604.259727
line 1343.176891 740.625570 1343.341779 725.613651
line 1529.359674 550.217228 1561.860744 548.995687
line 1260.668186 572.766558 1287.037959 571.489243
line 2005.132004 614.419267 2003.887251 600.556556
line 1622.472043 656.990317 1625.116636 671.964781
line 600.620537 683.916047 623.126873 684.043023
line 901.745906 500.612737 896.288135 558.069254
line 124.594041 501.956969 126.379572 524.414390
line 1044.404997 540.189497 1034.366523 539.498066
line 1073.338179 542.635328 1093.869121 514.926356
line 1471.988046 608.947111 1490.727484 606.370300
line 1443.310900 668.918257 1421.501072 674.029409
line 1405.707926 692.114320 1460.612703 673.089512
line 1895.271184 697.537954 1880.934797 689.886682
line 1553.926305 768.985253 1595.263082 721.396408
line 1866.335862 779.874826 1873.266886 804.684571
line 2.867628 388.325489 8.826814 384.247379
line 1217.701164 603.823101 1239.289094 608.519854
line 9.777383 651.950275 8.666191 639.437948
line 102.813984 680.654571 97.586705 625.676180
line 909.584379 719.406606 912.988703 696.854426
line 918.470219 729.568108 910.291807 744.188619
line 1330.022627 761.520824 1319.991719 707.776593
line 1867.936096 813.191049 1861.413623 794.536317
line 337.988676 262.397586 361.838081 257.928003
line 280.567644 440.210611 220.507154 448.523575
line 1803.039800 489.794234 1819.377150 493.114421
line 791.895986 593.345596 801.750842 480.723515
line 1164.326294 525.810834 1150.592098 525.344946
line 688.116901 660.166501 701.916619 660.307710
line 1093.251413 724.856309 1068.109115 720.721591
line 1859.770060 786.465203 1851.096785 777.639800
line 2001.914986 498.441289 1982.993321 500.833422
line 1225.112372 570.725950 1229.067977 541.832967
line 844.619850 631.382247 889.339985 598.077983
line 1144.009225 618.226811 1148.675992 610.217700
line 925.393615 627.185700 916.666123 640.949972
line 1695.647576 662.028352 1770.677659 650.982700
line 906.775490 493.459410 1010.587044 499.979338
line 2018.065826 514.310870 2018.942024 530.581001
circle 225.516631 566.600957 -2.078480 -2.078480 0.000000 4.798477 10.903595
line 1099.336749 587.174106 1118.099606 589.573568
line 1902.533939 686.861066 1912.112082 682.381980
line 351.858551 770.708623 380.484445 776.339541
line 932.931883 276.514787 943.822544 270.676100
line 1225.589778 341.089445 1218.104826 341.425046
line 9.308426 393.531510 18.175737 387.196623
line 78.376851 469.486906 79.984422 501.782444
line 2001.891456 537.133271 1995.268345 528.675444
line 887.136919 596.395995 899.485718 592.200915
line 1231.576042 543.087126 1227.912328 572.006417
line 739.909383 611.860773 653.359737 630.466919
line 1478.248214 655.967684 1494.627872 650.078291
line 1350.490603 718.202871 1357.483767 730.272273
line 1065.758879 441.822534 1035.439350 443.481000
line 1171.932246 462.453628 1129.209472 461.180741
line 775.582505 515.405860 768.031903 603.009237
line 1296.440837 529.394575 1296.801261 514.373231
line 1887.055197 671.811842 1881.942957 669.567507
line 515.217712 823.061478 486.811386 813.310315
line 1460.639559 468.304134 1294.168491 481.834144
line 837.027718 489.665106 806.798525 484.855678
line 771.907304 517.994900 668.096200 516.719864
line 635.455804 587.141831 649.219930 595.869554
line 26.314866 600.942578 31.206255 590.317145
line 1099.303545 632.794168 1126.786035 632.100465
line 1501.860642 631.812519 1519.574248 627.742082
line 1084.374436 645.242886 1075.447919 632.380399
line 1879.453048 659.749653 1861.980502 658.191750
line 575.481135 813.502851 589.568575 818.866591
line 2042.452806 369.195210 2036.347646 376.595879
line 1969.356743 472.863623 2038.294269 468.048310
line 936.984635 500.870217 919.286173 498.939078
line 68.354235 603.516575 40.524157 607.402854
line 1046.497053 606.729151 1047.598069 594.439780
line 990.818210 663.293265 1005.397757 538.244244
line 28.372267 639.348018 34.256838 693.274297
line 1460.673054 740.520249 1403.780377 714.421205
line 404.350331 824.628185 428.118280 826.943966
line 1429.328046 456.611740 1418.577666 442.481622
line 897.907340 590.719797 906.744967 494.477843
line 1099.318445 656.997775 1092.949524 650.936075
line 1350.481469 686.901941 1355.411050 713.165158
line 712.545172 719.967484 746.667995 707.555888
line 1699.357028 739.378970 1725.619594 739.000181
line 264.505958 776.535027 279.664279 782.374018
line 336.721832 786.428675 385.372340 795.700710
line 317.011294 806.377683 335.725964 811.506596
line 567.999761 824.471908 588.169127 822.281278
line 1567.158142 838.943505 1548.249127 841.531814
line 2038.599969 468.186749 2046.259550 564.324443
line 1080.643389 493.129867 1083.362402 482.856987
line 2021.773027 501.570798 2034.452888 519.696051
line 2028.050842 578.452486 2043.254049 577.230351
line 104.874764 620.874202 108.964497 674.214794
line 1625.624965 655.701290 1639.375531 655.707543
line 676.193300 655.030549 681.880642 660.637255
line 1455.384239 669.727183 1407.273463 686.751085
line 689.733864 716.959142 680.187924 703.785917
line 1444.604307 716.383416 1538.466282 745.785507
line 299.243576 775.964895 278.234605 767.841534
line 429.350079 823.347406 404.383415 820.549897
line 1486.909631 842.144016 1469.220039 844.421265
line 1124.385128 524.121227 1145.651143 524.969987
line 1139.727747 525.916547 1150.178266 543.392150
line 1531.871688 554.246452 1560.634801 553.505417
line 934.107478 549.346875 929.373668 594.374860
line 1258.250237 596.981794 1227.929435 593.660184
line 1088.128345 642.709162 1105.628064 642.638990
line 1739.160243 632.701007 1779.367308 643.154587
line 1169.509721 690.434332 1181.381888 698.822891
line 1592.923227 720.410044 1606.429519 707.732083
line 1334.909738 732.977148 1338.065706 744.391394
line 876.869257 834.392437 889.260178 838.473614
line 914.214073 423.260307 851.620866 362.105707
line 1802.996826 502.633925 1786.561444 506.923665
line 666.562618 623.049713 764.513322 599.961835
line 1459.367556 636.971759 1474.279289 638.119021
line 873.198309 496.481941 859.234636 493.877586
line 1120.582225 587.209323 1099.359774 584.494001
line 1693.414182 587.863779 1674.336639 590.328019
line 1653.128820 604.274014 1638.103036 603.705682
line 1412.031034 631.311981 1428.087108 635.761725
line 1675.533369 663.469560 1694.468942 661.553272
line 1640.101812 722.087311 1650.742868 685.659431
line 127.117605 344.450145 61.863179 400.403426
line 109.418990 420.623587 108.895148 404.310131
line 122.790472 464.194509 117.668784 402.746277
line 936.940025 524.895371 960.786268 521.915560
line 1961.833067 598.529023 1978.228663 597.716330
line 75.452427 600.135511 83.394422 601.937690
line 1790.527149 646.428762 1805.623556 643.118415
line 1421.815162 674.683278 1412.681398 672.910368
line 471.776356 810.896184 517.842119 827.652677
line 6.080055 364.299330 -0.053549 363.215679
line 135.935989 374.818384 106.676004 395.341287
line 105.624657 506.133680 84.374667 506.119365
line 974.905301 510.561191 973.466062 526.794414
line 1951.884659 608.662005 1995.665463 607.874503
line 1216.543081 638.123123 1216.684392 613.130990
line 1461.845358 624.566981 1500.824116 630.585413
line 1798.962406 627.451206 1815.029751 638.956291
line 1105.645915 638.702997 1086.875261 639.382204
line 1385.688432 765.260966 1400.611933 764.192490
line 379.351367 773.246044 351.920787 767.890482
line 385.550981 792.256993 335.492810 782.557202
line 361.961093 800.434044 346.216511 793.335538
line 1047.035681 528.846449 1045.615350 538.491721
line 1906.803622 706.691468 1909.362897 723.126885
line 1425.323682 738.791580 1453.318764 751.446352
line 1844.153633 737.728577 1853.637999 754.077396
line 1453.128363 506.959100 1486.924292 505.607808
line 1488.271873 506.871885 1488.696475 526.889393
line 1320.638339 530.700118 1298.112859 530.444377
line 969.068412 510.595903 965.625257 546.875024
line 1929.372331 587.013189 1911.854723 586.674858
line 905.089283 594.363057 905.195816 611.885209
line 93.649932 607.696682 95.334423 619.593140
line 1512.565493 615.883312 1487.856789 622.050404
line 127.407605 684.472260 129.759891 701.822819
line 1913.247219 695.816850 1926.426487 687.420957
line 528.126225 221.438546 423.127053 221.143803
line 963.128173 280.801261 933.092904 281.341900
line 217.741154 346.005299 185.460576 360.252455
line 939.079483 528.100255 937.823516 543.099756
line 1594.449324 584.063144 1570.552223 585.956376
line 1349.366960 612.354205 1360.641811 612.236596
line 1529.856460 618.190121 1507.889630 626.232082
line 1045.141182 645.871550 1047.003690 630.640737
line 19.500889 638.114263 21.635694 663.145409
line 662.544212 658.982620 668.694427 653.382193
line 1560.561116 652.620433 1620.761722 657.779658
line 1112.543042 457.830540 1101.193904 455.919196
line 86.931476 549.230778 108.327005 557.609148
line 1561.923618 581.420525 1534.373731 583.104234
line 1719.280408 634.112776 1737.866441 627.408234
line 1019.296188 638.622694 1040.615571 639.584091
line 1703.112698 640.975545 1728.125116 640.633450
line 2045.671845 641.226629 2013.174212 643.757028
line 1332.373592 695.310834 1348.661917 686.632767
line 1606.565604 703.839805 1612.924291 695.472473
line 177.286385 734.573764 233.657927 767.204332
line 359.472239 815.005590 338.158802 811.659683
line 917.866427 498.253934 914.968207 520.539585
line 28.714393 584.293861 31.020286 565.520020
line 623.170508 592.718927 641.938809 592.311030
line 1340.753100 637.066348 1370.767400 640.698165
line 1662.981363 729.549380 1667.746720 699.315377
line 1417.800415 717.604282 1468.935209 740.363126
line 739.227307 760.873721 723.372164 751.458767
line 424.375684 764.814903 459.377544 764.760448
line 1792.356731 829.563285 1790.121341 820.442089
line 913.213052 289.005935 921.209647 290.913779
line 1091.864556 443.222636 1078.005712 441.740136
line 2023.892815 543.273513 2011.843584 546.766634
line 1733.245732 595.619013 1732.315172 576.853173
line 1241.680272 585.238474 1254.655944 578.701467
line 1405.900877 610.854806 1425.797983 616.235308
line 1360.633458 616.118999 1343.117191 616.418921
line 1735.742342 635.079481 1719.323252 637.814324
line 1237.320299 629.031242 1234.336074 646.868488
line 1208.094696 636.703514 1175.722057 642.424232
line 1138.112905 638.141963 1157.871428 652.230619
line 1597.629866 669.058699 1509.468683 659.738808
line 1614.416550 696.146912 1620.281814 686.411988
line 1341.269832 724.902262 1335.090221 732.459817
line 1906.776080 766.751392 1903.960868 740.535241
line 1400.265350 767.671128 1404.085571 785.686375
line 1516.939787 563.885123 1523.405843 548.241079
line 1980.600686 565.232238 2040.679973 561.513021
line 1238.662129 610.640754 1238.114814 629.301376
line 29.576427 694.354377 23.812146 638.054646
line 132.042704 678.104353 130.489445 665.487798
line 1653.262365 685.663902 1639.367594 734.726906
line 140.865377 705.673769 179.382277 735.615639
line 913.082645 277.036980 931.901448 276.304384
circle 1709.573745 308.081256 -7.957226 -7.957226 0.000000 5.330905 10.013915
line 154.537651 373.447473 213.435355 343.740313
line 76.375326 506.834029 74.602238 474.362592
line 603.739719 504.202402 596.567037 634.495672
line 1476.875161 564.494981 1411.873597 564.582441
line 1075.613739 629.935254 1061.869292 629.658997
line 1357.985340 729.875535 1372.036519 733.796126
line 1342.899393 793.061468 1349.830830 768.447348
line 882.093967 792.355688 900.755303 797.667196
line 1490.740837 822.300977 1469.371470 828.112020
line 423.014850 222.294793 359.226809 230.758082
line 597.038540 231.961457 528.242101 222.291861
line 943.739587 272.574887 947.436724 259.903612
line 1717.723279 315.123815 1731.735977 303.892060
line 116.896625 524.373557 109.811491 418.179276
line 945.079936 581.477922 958.932229 562.463065
line 1596.959727 579.201614 1570.578001 581.277798
line 1660.628574 599.370703 1653.122874 593.127556
line 28.110068 625.519404 74.493154 618.960571
line 2000.766619 644.359396 2004.772930 680.718886
line 1790.582544 819.645315 1784.955788 792.742094
line 543.248315 826.949950 566.909692 824.747747
line 1955.924985 422.629679 1878.109906 434.274133
line 964.969012 551.810100 963.352682 568.147526
line 1963.721925 583.194434 1959.066572 539.407792
line 806.621534 485.709913 797.993347 586.970292
line 1180.618674 610.665184 1197.051767 613.252108
line 1539.460795 649.993584 1559.598539 652.729855
line 1820.474865 798.759041 1858.172658 789.570529
line 269.525964 398.718134 236.612880 407.095136
line 1020.558352 440.617149 930.549203 435.787669
line 801.609645 588.561243 831.673728 578.757763
line 1180.624577 602.520783 1210.625146 602.513938
line 1204.784988 611.906668 1216.499216 603.829972
line 1845.937105 654.456177 1854.841459 669.091193
line 1850.886796 778.079728 1807.968778 787.406101
line 1284.340419 494.408393 1275.810309 485.574863
line 1571.875037 576.875439 1589.356279 575.402769
line 108.876924 672.221045 126.719088 687.062436
line 745.655481 713.213295 708.678475 725.978281
line 1469.426852 740.453887 1531.527398 759.272095
line 234.292631 767.067630 262.665392 779.199852
line 478.642840 808.490127 460.158202 797.672654
line 285.472845 302.711048 234.251277 321.538401
line 295.301758 320.644942 293.760517 295.662910
line 167.195393 375.070324 184.481149 367.105367
line 1293.636870 482.040657 1194.709812 460.348115
line 1733.490910 555.585216 1737.713230 594.419770
line 1363.150156 598.427627 1330.618190 598.954718
line 1564.325549 599.751413 1543.072891 600.954448
line 1895.619427 661.923481 1880.531418 660.189106
line 1540.458652 740.130318 1515.564914 734.647824
line 1586.714734 743.894057 1602.128144 722.053651
line 893.092502 771.853270 879.602945 792.027417
line 346.203484 793.105729 332.596831 799.501318
line 1468.455765 831.039677 1486.375861 838.135539
line 384.379319 268.151823 347.042156 274.163217
line 821.777901 337.019822 764.186255 298.406513
line 128.837568 394.641410 155.364029 380.147381
line 1428.809861 540.136000 1419.624558 548.402302
line 1465.952050 544.368562 1465.882294 554.368075
line 1389.332936 618.254501 1399.412582 617.876111
line 2000.407642 633.211770 2001.781042 616.867105
line 1049.963363 629.822436 1051.317916 616.688627
line 1474.372142 666.868556 1509.177165 651.429025
line 1107.369087 719.957556 1092.128863 724.066570
line 1061.001558 728.515410 1042.054470 720.215313
line 1466.566103 789.724373 1489.820626 810.284775
line 1418.788730 839.717104 1412.895430 851.150956
line 1725.731238 283.527424 1695.365961 281.989479
line 121.688936 405.233352 142.417447 395.385664
line 251.745607 406.313643 269.457093 402.231151
line 825.747298 587.262095 795.656696 596.768844
line 68.219267 593.400694 75.607783 598.997592
line 768.042364 602.850047 740.064128 611.258833
line 1674.393381 603.741069 1654.373907 604.338364
line 1678.125018 624.384323 1630.625186 624.473649
line 1767.916344 642.683970 1744.438602 636.628411
line 2000.050051 703.044700 1993.235874 645.760503
line 663.399314 662.995676 664.127104 657.504878
line 1003.089056 662.098771 1018.114405 661.572502
line 1411.973782 672.383227 1373.081204 667.203874
line 1360.585246 778.734791 1350.523730 798.703795
line 1795.659553 807.872703 1799.437577 827.108220
line 763.620502 298.394989 721.216489 276.955144
line 850.507291 362.014783 821.983898 337.995680
line 195.543614 458.930943 125.602050 471.749779
line 1970.786587 508.110998 1967.963450 475.530684
line 1130.397427 481.531174 1142.979200 489.602283
line 644.034962 595.584976 641.704100 688.183627
line 1234.159377 651.064539 1215.406502 656.053732
line 1879.594524 672.798244 1902.040765 687.878262
line 1408.436402 756.655010 1401.370266 767.366630
line 488.119197 787.876554 535.631769 787.999019
line 400.617140 816.959787 450.535769 821.587521
line 589.070578 821.109271 611.807118 817.675520
line 632.188268 240.497971 597.936013 232.705728
line 914.999004 245.018296 896.546973 264.057082
line 2028.009751 587.317665 2042.885060 585.194185
line 1528.983501 623.364220 1535.694467 619.495503
line 1662.293346 646.974104 1658.449110 663.201780
line 1371.202252 664.407379 1372.114791 648.138450
line 1114.355158 670.218297 1134.368506 669.241896
line 722.995799 683.812149 725.081537 692.597547
line 727.418720 694.086235 698.036975 701.527432
line 1384.304823 733.786048 1411.892017 736.714703
line 1238.110059 356.699664 1246.503362 363.249404
line 405.278284 634.400034 406.253337 501.842843
line 1769.364974 518.112016 1743.245286 538.280777
line 1478.981554 530.616519 1478.281282 563.101423
line 2005.159340 654.440988 2003.720936 644.290551
line 135.005500 665.672134 135.958273 678.194748
line 1110.361929 738.996754 1098.421519 747.301338
line 1354.356799 763.489459 1330.603614 762.303227
line 1795.532882 802.368488 1813.077166 800.232168
line 169.725077 315.564100 128.007065 344.203206
line 1896.575023 416.764871 1783.772560 441.643468
line 2013.445244 521.973826 2011.958160 507.983295
line 1450.839886 546.340070 1439.423590 541.754042
line 895.264608 558.587380 880.818902 566.092148
line 873.076223 568.012922 849.585430 578.236333
line 74.464293 631.209942 30.591758 637.907237
line 1861.560068 653.968163 1894.444089 658.915805
line 1871.646969 662.049749 1895.779112 665.912100
line 2011.813462 680.464571 2014.388686 699.541889
line 2009.314221 699.489498 2006.133867 663.080550
line 887.086623 842.869607 869.581227 846.594244
line 343.948826 233.987988 290.258091 247.965636
line 68.630027 473.112783 78.514567 469.079800
line 1411.909054 514.369121 1449.415168 513.342515
line 1069.373477 548.595250 1086.877342 548.651946
line 1003.520232 539.421921 999.809772 570.676615
line 1673.140048 590.226064 1659.315416 589.704581
line 4.859893 591.356835 11.692668 598.304321
line 1056.125066 616.840329 1055.250602 604.227628
line 2014.328512 657.607644 2045.662477 654.792073
line 1377.023388 824.348844 1374.597392 810.585799
line 703.740019 263.786507 633.263653 240.210522
line 83.110327 513.022957 86.007287 548.093422
line 1298.128661 513.207814 1320.695078 512.210225
line 1271.817633 559.226610 1280.692606 566.795731
line 833.778710 581.122263 824.911591 588.146455
line 1979.351036 584.122788 1965.606352 585.428738
line 1486.880606 622.877560 1470.582331 622.508297
line 1754.638048 649.028442 1746.333728 647.660228
line 1030.026575 658.288553 1043.823626 651.928826
line 1618.105660 662.118725 1564.396276 657.856871
line 1440.791571 708.992393 1404.827688 693.335196
line 795.461698 698.635964 868.129686 721.860337
line 1437.620459 711.526282 1445.043119 715.681511
line 136.368263 209.994947 112.789952 228.958416
line 1717.086651 476.160655 1711.433620 482.746114
line 922.456053 502.993062 918.044080 525.362500
line 1439.923300 545.977580 1428.695846 554.756414
line 1298.146419 602.846121 1311.911228 603.903296
line 1896.903836 632.498567 1921.908393 633.649578
line 1895.646787 670.088146 1888.077476 670.319389
line 752.831124 688.560388 841.840934 638.064951
line 1370.799084 680.316972 1437.023355 712.822754
line 1403.403725 713.897829 1375.278017 697.469026
line 1521.223642 733.873816 1540.131597 718.757823
line 1475.206224 760.830034 1537.908698 778.876541
line 141.779841 390.457748 122.779673 401.268055
line 69.780605 508.109870 68.566492 475.561904
line 1968.021735 571.880778 1968.583459 581.919292
line 620.352300 681.868701 622.428034 592.003265
line 1076.869939 631.675210 1098.137956 631.136458
line 1630.621908 644.417280 1645.814881 645.528210
line 1216.757918 671.367500 1169.741669 682.214348
line 21.075670 664.455428 24.101588 694.528285
line 1903.737299 738.221691 1901.244489 721.781070
line 305.558314 739.616239 337.157973 748.351332
line 902.565052 263.360672 908.187067 276.718364
line 2011.976174 402.722145 1895.594720 416.621461
line 279.531618 430.010460 264.228859 433.782049
line 2042.405085 559.435012 2035.420154 475.642076
line 653.277086 625.800795 660.987333 509.481874
line 1050.020594 535.387593 1046.708883 543.818758
line 1463.144115 555.104096 1448.088920 555.498799
line 916.913067 523.285038 908.100039 594.216590
line 1143.784418 627.252678 1146.114111 615.474498
line 1399.303617 690.742914 1380.598356 679.419012
line 19.488983 696.867000 17.649475 670.658376
line 1773.521524 774.199420 1764.220177 753.193555
line 386.857219 759.500058 423.085755 764.651022
line 1348.078657 803.975761 1330.524983 806.013364
line 25.492338 245.596440 55.679298 248.875072
line 269.235446 378.894064 235.430122 388.703403
line 1884.076107 435.314661 1861.910557 439.560620
line 1043.172428 545.247968 1030.646634 544.882839
line 1584.321822 567.719673 1570.482051 569.535439
line 1400.591311 617.978518 1411.868961 618.322806
line 1412.342594 740.403603 1407.714558 756.758857
line 901.799887 809.296502 877.510282 832.538905
line 343.134310 824.328452 330.634311 821.828445
line 203.060116 401.657541 269.373907 381.871338
line 669.131524 518.196330 661.948284 619.557363
line 1236.855884 592.142280 1251.868490 593.216015
line 1491.871985 617.035089 1463.132178 616.493837
line 1447.973496 657.682347 1436.371308 661.653348
line 1587.395214 720.115637 1619.338328 674.349404
line 1775.492690 790.644152 1773.163122 774.550419
line 486.271202 812.919776 479.024382 808.731688
line 735.525258 279.586624 704.170611 264.808655
line 272.189374 333.336967 275.072498 397.069636
line 1038.093554 427.639647 914.347219 422.550523
line 1129.176139 456.168455 1115.593138 454.662352
line 929.210655 603.016293 944.323794 580.167948
line 1856.623672 666.030659 1876.672431 678.451960
line 1182.717122 699.257923 1179.307089 711.137906
line 618.453233 725.651126 599.574852 693.523070
line 1164.537084 708.848877 1144.081441 717.808615
line 1372.914616 729.416037 1373.706735 709.348622
line 639.537067 718.312245 634.619166 788.230097
line 1399.427096 837.125767 1385.499155 840.019236
line 184.413264 365.204250 226.060949 347.925803
line 1361.877155 416.893900 1378.199997 415.032749
line 1426.532957 615.962230 1449.321536 620.873097
line 783.853762 739.383030 752.716788 757.420321
line 1806.944169 787.279113 1794.384225 789.428895
line 903.311691 289.775123 913.375252 291.985774
line 984.115155 414.460980 982.825878 391.820851
line 763.096549 598.122607 769.412802 523.023048
line 1413.579527 516.880658 1413.066154 558.124268
line 891.167575 604.345658 892.317037 625.601095
line 1437.953058 632.238533 1450.934491 629.720618
line 1991.877245 646.048579 1963.128053 646.200961
line 1328.231071 668.149865 1325.813605 678.462243
line 1544.699749 715.976581 1590.097944 671.338963
line 2002.490169 685.541706 2004.718334 701.997763
line 1911.854659 708.081757 1929.554211 699.755980
line 1320.094369 707.613903 1332.151725 695.875296
line 906.900551 727.908146 895.659331 726.583633
line 591.882461 792.094325 606.894767 792.018099
line 365.538950 827.795573 343.118009 825.699789
line 363.304617 230.139833 344.421816 234.574351
line 1723.667042 289.875847 1719.791503 287.071738
line 199.273318 420.248238 249.337660 406.736643
line 62.180619 419.015132 0.426883 416.159837
line 2045.949770 416.480622 1984.189467 422.458015
line 1423.374817 550.973028 1437.186479 541.058932
line 1665.672352 563.801886 1649.327451 564.945299
line 2044.450087 568.062394 1976.825280 572.338743
line 1169.521072 633.204263 1169.021866 641.996889
line 419.429667 781.581868 443.282543 786.030228
line 289.440923 248.288229 229.174282 272.628012
line 1700.617552 282.845134 1691.450745 290.379638
line 909.376655 522.998789 902.157468 594.403558
line 1564.401636 608.613336 1531.862083 610.388181
line 1214.515195 659.980327 1231.948582 655.942709
line 1877.134523 678.876329 1892.009037 686.617450
line 625.232106 694.351248 609.042125 689.163925
line 613.340349 791.815639 617.224959 724.108211
line 1439.053851 753.546458 1429.111676 745.970572
line 1911.765883 735.483150 1915.362162 764.407680
line 439.259870 817.874552 395.514325 812.835879
line 1011.891419 444.195063 996.902165 442.827300
line 146.967038 464.890606 194.297683 456.441865
line 896.771304 525.615338 898.871314 503.078067
line 830.985428 578.045988 838.534745 493.050368
line 1801.537110 624.871102 1820.161294 637.555831
line 1473.492472 638.052199 1483.291156 650.033665
line 12.079883 641.854311 14.991628 670.688958
line 744.462087 746.678503 754.561755 686.906556
line 1608.940833 711.634509 1616.529833 697.933807
line 1661.047190 696.959966 1652.437762 739.739818
line 1767.080893 747.839909 1784.839236 744.050625
line 1636.722890 748.140829 1640.366254 783.151926
line 478.101560 794.312402 503.116488 794.806213
line 1651.902289 820.538522 1627.013954 812.684664
line 334.460187 817.149026 359.487724 819.333540
line 453.536049 828.565989 458.287700 810.668195
line 648.123857 833.120226 678.196174 825.922360
line 2029.098488 370.009856 2027.329852 379.686599
line 1574.390831 548.451881 1595.591106 547.425148
line 915.381754 657.929983 845.631298 641.847685
line 775.353725 696.355600 843.241061 721.562424
line 337.830746 749.566420 386.590166 759.520271
line 1247.169846 303.376879 1229.202202 324.409542
line 1245.554585 360.968126 1249.798483 360.019451
line 60.627521 401.756118 0.622247 401.889850
line 274.133357 400.439368 276.216455 425.781878
line 1472.517576 531.882986 1472.796911 553.129314
line 1738.034607 616.894948 1733.272647 595.316564
line 913.112950 696.259982 919.751285 683.318008
line 1066.871005 694.245146 1081.856817 693.784055
line 1152.892769 736.130542 1140.435223 740.016638
line 1454.294675 752.083255 1474.642480 759.931517
line 1648.349318 789.355645 1646.617881 769.289329
line 215.782032 326.021505 279.447264 300.807467
line 1228.250884 328.077556 1227.976216 341.822067
line 255.526558 368.240565 233.232030 349.249354
line 912.116491 442.989772 891.546108 420.841402
line 1437.990221 517.918967 1449.531984 519.409035
line 916.812900 619.329195 923.792129 609.867072
line 31.749519 649.723645 70.445638 644.336606
line 842.785725 720.699734 876.861717 729.426863
line 1073.979508 722.274673 1061.312718 728.166066
line 1397.503051 787.418677 1386.436209 774.758569
line 1271.104804 341.153570 1267.719387 321.304586
line 2045.645429 402.469105 2013.055015 403.589790
line 1376.990537 408.926724 1361.942769 411.095261
line 1037.955379 448.221099 1018.673520 442.519875
line 2034.523863 475.046815 1973.254184 479.792753
line 1974.175983 514.395369 1979.292068 564.383488
line 1933.880938 610.116398 1945.939325 613.108060
line 1410.581463 622.475590 1390.595872 621.026813
line 1249.421081 662.676608 1229.630106 660.642693
line 263.092701 780.530299 253.726856 783.724627
line 1328.550148 802.388036 1342.843286 790.543454
line 372.435201 807.807422 364.479936 805.292997
line 1560.619782 835.728297 1544.285173 834.903100
line 948.011294 247.324749 925.958681 241.749371
line 907.648072 273.473383 913.763789 278.160545
line 1692.049880 288.762014 1688.524112 294.578190
line 230.847942 323.598916 204.539646 335.974994
line 1596.539394 389.981086 1588.282990 392.411672
line 1590.339062 393.575947 1586.428177 401.093438
line 1743.129995 539.378165 1733.483506 554.602162
line 1281.646412 549.691665 1291.973707 551.198494
line 1729.190377 730.664267 1714.158684 732.956425
line 1713.219088 733.688564 1676.872367 735.574244
line 811.952429 783.266276 786.932093 796.979171
line 499.802406 801.469107 508.944995 811.096280
line 923.166012 243.266944 913.936490 245.933618
line 234.215081 407.541884 194.462494 418.444030
line 869.476884 563.134305 875.302495 499.345547
line 1708.070383 568.428247 1694.365991 569.218834
line 853.848623 570.534552 868.313280 564.854466
line 1570.574606 572.681640 1584.429765 571.106824
line 1519.495345 588.826091 1515.796571 562.746107
line 1276.891325 688.037041 1261.942276 685.262521
line 1373.109757 748.127437 1377.941687 778.354124
line 309.200677 786.670693 318.797080 778.482669
line 536.840654 789.390763 570.599297 788.451348
line 448.126952 799.354124 408.126086 795.613382
line 415.684722 798.892995 446.919839 802.763115
line 1523.942434 808.103107 1494.903361 797.874919
line 330.012756 822.445996 301.539496 812.872890
line 925.851822 240.995470 920.947901 241.681886
line 264.356599 360.648219 244.770283 345.126216
line 1944.088686 427.804158 1930.339777 430.310143
line 1613.118871 486.813457 1510.640936 486.284960
line 1292.695294 498.599546 1285.933474 491.446730
line 1535.748771 632.102309 1525.935695 637.445599
line 530.602305 652.547961 410.612306 648.501419
line 448.125893 781.865778 413.091132 778.474926
line 338.203263 814.414063 319.450806 813.202086
line 284.536004 295.251205 273.209074 297.332544
line 222.832836 333.624808 271.925805 314.505451
line 1267.870093 323.503291 1257.516139 313.593179
line 998.277370 444.106512 984.291899 442.703163
line 941.458088 539.340894 942.482173 526.822413
line 1449.263536 616.117073 1433.267988 612.493764
line 1200.848039 647.286645 1183.163313 649.660429
line 590.681591 647.654652 531.878476 651.922882
line 1883.468112 694.249213 1814.197975 715.390620
line 1013.051941 710.223979 1026.801058 707.719132
line 898.042161 721.744359 908.171697 722.494003
line 1468.123860 746.878719 1526.731258 764.843926
line 273.283610 298.533983 264.413390 301.973991
line 2034.785801 362.201405 2028.714074 369.843053
line 490.611908 572.890486 458.143320 574.703146
line 40.615642 610.555066 64.440836 607.367008
line 1215.707671 653.120908 1214.896120 636.725459
line 872.052926 720.756031 916.085675 660.964257
line 1429.386852 783.262623 1446.864878 781.757465
line 288.413669 787.267703 300.919366 778.074966
line 291.155747 805.072089 303.739501 793.563375
line 2038.493233 333.185211 2033.983502 360.765377
line 2027.891319 382.948088 2030.076740 395.502847
line 86.414311 402.620816 61.702790 425.200495
line 1224.643547 440.596519 1217.034185 434.482631
line 1514.715038 403.139939 1512.079309 463.133976
line 1972.223089 579.343923 1966.194966 511.824114
line 1389.378162 624.313356 1411.883074 625.467575
line 1653.125759 630.647173 1659.496673 630.429066
line 127.595716 701.118779 109.061093 683.454372
line 1814.226647 716.013783 1727.575301 730.940366
line 190.135582 747.553909 147.115595 716.541253
line 1906.995950 738.109414 1910.226083 763.176404
line 459.914701 801.660319 471.646003 809.708782
line 230.925596 272.610129 194.988721 291.942205
line 1514.316592 463.121756 1517.581181 404.344795
line 1034.527593 515.774673 1055.260417 506.094169
line 1603.190632 546.868930 1604.118297 556.898743
line 1595.644219 555.893585 1574.381805 556.162676
line 1411.068345 665.653522 1409.740945 628.112061
line 92.847832 655.874461 98.559581 661.428042
line 655.575566 687.732596 674.407102 688.818093
line 1914.606898 689.906782 1904.830685 694.169964
line 1886.905788 699.826163 1878.120661 699.487573
line 1904.037182 719.464075 1903.256480 705.547501
line 1417.858970 733.631021 1385.188520 716.455238
line 1432.246709 748.062593 1421.388733 740.032512
line 254.342276 781.937197 190.970107 748.594887
line 248.164254 791.752682 274.145355 800.090580
line 449.394203 814.129747 434.388328 812.954781
line 1579.153075 832.758532 1567.044709 840.091101
line 1387.931717 854.353133 1396.767767 846.750372
line 948.242721 260.532865 944.657240 249.285030
line 263.987721 302.285871 254.316933 306.749185
line 894.932931 425.689803 870.550899 405.457892
line 933.724529 436.534597 926.598259 438.166559
line 589.986343 629.343010 595.747892 514.318543
line 1544.374244 616.875044 1545.111399 629.405215
line 1926.853233 633.405300 1939.471281 634.385185
line 1960.692436 647.988873 1964.208911 682.021320
line 2045.678527 664.220263 2015.567178 665.691847
line 910.822907 699.485300 901.011173 717.090225
line 1699.377387 729.437845 1678.063179 730.247440
line 1124.002545 721.246752 1109.250174 738.015181
line 728.174086 750.838374 743.880443 747.225184
line 22.360060 375.245198 43.243937 333.184054
line 242.862471 372.168081 227.634305 358.527332
line 2046.314656 358.930274 2038.065690 361.698248
line 736.655376 559.944992 751.737434 561.764992
line 1548.192885 574.868810 1559.402873 573.327753
line 1941.370827 630.854562 1945.318005 618.030509
line 1209.385169 693.107842 1188.176658 680.537840
line 1284.408951 690.316785 1276.035936 689.394459
line 1311.527063 686.612547 1284.316845 692.872206
line 821.609228 721.310007 784.163131 738.924597
line 1143.244360 723.030325 1151.974891 734.037249
line 909.814357 744.633043 893.958336 771.630285
line 1132.557779 751.983201 1128.514851 730.789079
line 329.446200 762.873826 297.896671 753.930478
line 536.877306 785.645801 566.923822 782.315478
line 1425.606441 830.517762 1475.832750 821.825430
line 1257.325321 314.622806 1249.103067 308.489555
line 272.979759 317.726738 234.352607 331.813596
line 929.251258 438.028221 914.225811 438.744218
line 1864.979249 440.269681 1846.490113 452.545295
line 1710.289046 481.522998 1704.048489 487.810180
line 1458.372437 489.579797 1294.161611 497.386394
line 414.451845 511.844667 412.995868 628.154679
line 949.671366 580.846904 930.341677 606.662862
line 893.041511 627.254620 917.936995 632.729848
line 1778.092062 638.087456 1795.613089 638.563445
line 1019.133063 645.120282 1034.214463 646.948968
line 479.415190 783.059259 487.656135 788.097252
line 87.315654 254.324118 107.899310 250.620634
line 951.850846 399.384655 938.323956 365.545469
line 1774.392336 467.217687 1756.886430 467.128616
line 1749.408308 508.392076 1783.101924 504.189971
line 1229.515686 661.150769 1214.269406 665.230376
line 2031.731393 669.304776 2045.723742 667.782761
line 1956.000646 685.567381 1958.493352 701.818500
line 1951.989796 710.273430 1920.542972 708.019411
line 1174.894685 714.600869 1162.907047 708.517860
line 278.550266 769.169561 267.479973 775.442618
line 865.528558 788.389060 829.114041 775.089512
line 281.625326 807.528328 244.319039 793.271434
line 1468.144913 844.567750 1459.382510 844.612005
line 1249.211331 367.975291 1253.515908 363.269341
line 1535.185495 461.727776 1544.350758 434.366879
line 1991.401869 490.461645 2000.027493 487.574152
line 276.616436 530.679609 275.389771 496.793017
line 1395.619399 611.570674 1405.619048 611.629904
line 1430.228134 654.429770 1432.113613 668.092070
line 1093.727511 743.630097 1108.534068 725.967930
line 644.041478 758.268395 680.035780 747.420003
line 669.440921 784.569452 736.824411 761.725773
line 418.083512 766.854629 412.166791 778.904501
line 464.758890 774.320618 463.810946 789.418069
line 877.393125 731.738881 867.129725 786.922375
line 582.004813 780.122232 598.146931 784.290061
line 964.655413 268.068200 960.859309 249.327538
line 195.294164 295.862670 187.221387 294.067403
line 204.011708 336.206171 152.462450 364.206508
line 11.738801 363.644756 5.277378 361.951574
line 1104.091302 409.572642 1096.881710 414.385052
line 1216.943331 433.584904 1211.569186 437.728353
line 1544.681010 425.729569 1537.394589 447.052552
line 461.882588 576.586458 490.612718 577.342032
line 80.994109 630.568140 84.495748 653.298959
line 1370.621646 648.149673 1349.256660 645.245621
line 1434.594962 652.467785 1448.311645 647.377997
line 90.625587 660.628293 34.380071 670.653453
line 760.367231 687.382171 775.317246 694.980516
line 636.977868 689.773713 626.694849 692.426743
line 49.398586 699.538978 6.879288 705.654815
line 1402.725348 717.738320 1451.926127 740.514557
line 315.547408 749.827756 300.688158 751.273934
line 337.086801 805.651524 359.922791 811.929336
line 176.649184 301.733919 172.787878 307.914379
line 253.140143 306.922676 243.335250 310.036946
line 176.942750 355.765492 222.255477 333.913982
line 1983.981383 424.322636 1970.896445 428.900818
line 952.119479 441.691525 938.343801 439.342084
line 260.622810 500.756255 235.608917 500.338902
line 1094.156727 515.570600 1104.514172 509.617122
line 283.040549 499.308341 284.009477 534.419582
line 1261.643734 685.763592 1250.549107 675.594084
line 1892.796176 683.713963 1875.730512 674.186017
line 1098.142049 684.855102 1070.632403 685.126193
line 1374.560742 806.916185 1375.243512 783.114057
line 1544.129525 828.157487 1541.972952 811.862037
line 238.335031 347.850889 256.183787 361.527099
line 1963.171090 425.312727 1952.341505 423.714319
line 1374.322502 663.556404 1409.411336 667.826406
line 771.835598 688.221225 794.611485 697.547475
line 1944.251788 700.505874 1932.999174 699.279868
line 396.178032 815.823959 390.545870 826.257076
line 1894.268768 388.680845 1888.273025 384.177903
line 1829.370510 515.608463 1813.287899 519.974984
line 1799.957258 519.897813 1780.868054 526.344684
line 503.124121 579.357840 473.138745 580.893410
line 1739.395861 593.114058 1757.324090 627.295084
line 2045.834736 623.554314 2021.988351 626.532577
line 1426.474030 638.012175 1428.312897 651.850031
line 601.349821 697.492288 603.005889 686.302385
line 1996.905284 710.248750 1966.898006 711.288786
line 299.311315 757.106777 333.246949 766.431174
line 883.904649 765.798805 880.600688 780.619580
line 405.776946 797.994898 397.973821 811.270847
line 744.593655 817.501658 703.154865 831.960592
line 242.064818 304.673903 224.828058 315.620068
line 184.194075 342.773877 215.504208 326.640577
line 227.605403 352.524695 244.375830 365.936939
line 1240.521558 365.993544 1244.190937 370.766505
line 982.364851 390.572824 979.572193 364.353996
line 222.077254 392.472297 186.880258 404.390528
line 1972.045232 481.854126 1973.894310 496.933942
line 1700.642022 486.421168 1644.364297 487.624402
line 261.887704 566.809316 238.061893 562.201298
line 505.618619 562.972286 464.336236 564.697348
line 1012.717643 655.302216 1018.044217 648.580023
line 1119.431396 684.723261 1099.353575 683.467577
line 2045.725393 706.397764 2031.884215 708.195934
line 1038.871003 728.031474 1036.728025 739.579686
line 438.111531 768.237937 419.330505 765.998086
line 1829.329474 820.168430 1814.353732 821.661706
line 28.596841 200.376356 22.944102 218.067198
line 225.861657 315.680042 218.557903 318.533672
line 883.894734 351.322586 931.849747 418.143123
line 261.876058 534.366013 238.160313 531.574944
line 1588.152888 605.954406 1568.085071 607.653366
line 1114.398143 673.004592 1130.532603 676.105719
line 110.548043 687.747293 50.738765 699.933357
line 645.570697 691.595015 656.880148 689.401545
line 469.367835 800.546872 488.302493 798.810360
line 1828.274577 806.282002 1844.535490 802.579935
line 634.843071 807.677146 614.477048 812.322406
line 608.220627 804.490194 596.520063 814.203217
line 74.400476 254.561258 89.395758 254.295278
line 1246.502775 285.569895 1244.121867 301.652472
line 1012.469177 684.802927 1014.248309 677.135655
line 1401.885973 704.353052 1413.386164 710.102625
line 1629.295825 745.588970 1622.783043 759.900546
line 412.462320 781.018873 406.806775 793.653970
line 20.953316 242.646393 26.636468 246.544930
line 951.012976 265.345905 953.932945 256.327169
line 220.694750 317.942029 210.150739 321.843165
line 976.676277 365.647701 979.668534 391.841468
line 105.206859 388.876849 84.476134 406.277937
line 1972.845490 426.800047 1963.662433 424.615659
line 1705.074025 488.540189 1699.449044 486.654166
line 1189.323875 644.019334 1201.922908 642.208281
line 1022.522919 692.104486 1041.663823 699.893924
line 1873.128257 704.384901 1853.225739 710.931270
line 1251.292534 713.192032 1232.835615 705.029336
line 751.893684 756.936200 740.555579 760.397606
line 210.780898 324.737957 179.865439 338.016825
line 40.684428 331.904714 25.184598 362.904802
line 1247.717797 381.553977 1255.582995 371.577337
line 40.355171 396.656260 75.636638 353.134434
line 1452.088746 428.010314 1468.219655 458.074213
line 1836.877338 491.853935 1853.203677 493.666224
line 454.336235 557.882287 438.101091 560.475301
line 1050.130645 615.892699 1045.573032 607.476251
line 1958.197814 661.868099 1956.660336 645.645344
line 99.993455 673.758538 88.723781 662.524329
line 723.018714 704.007204 706.687615 708.726565
line 1820.615823 720.584812 1786.910664 728.281185
line 1721.862428 741.702603 1698.147393 743.432058
line 1710.607867 776.450495 1680.594852 775.827577
line 698.541506 819.293246 725.707990 809.607776
line 1240.497890 372.539358 1245.861728 383.657759
line 929.346907 410.644885 900.888073 370.438790
line 1531.121786 488.854082 1525.237588 490.321205
line 1475.517674 558.126535 1475.142041 531.864029
line 475.643948 567.223183 499.391644 565.930846
line 712.126348 687.722657 689.400596 694.461321
line 877.494264 780.766766 880.943900 765.698005
line 345.852072 770.802092 338.166184 780.657119
line 1581.861007 773.112958 1567.444432 789.865044
line 702.178793 827.695732 733.732480 816.016179
line 1991.399442 352.984793 1999.346349 396.880187
line 1598.126976 384.345497 1579.377347 383.089951
line 1491.898781 490.840915 1459.272303 490.090593
line 1512.676522 487.732476 1492.493150 490.861850
line 978.094390 567.252548 993.163553 566.723843
line 1502.984016 586.817863 1512.227000 564.011065
line 2030.630818 709.188419 1995.625027 709.379952
line 535.603679 781.741915 561.782543 777.547890
line 332.664630 785.208427 323.750423 795.059842
line 1749.335537 804.511384 1735.646575 800.550438
line 78.058840 182.383452 38.102935 183.710794
line 189.743915 291.144704 176.797600 269.196041
line 1264.488037 311.763756 1257.048496 304.204257
line 1222.930253 324.594548 1220.884184 334.428924
line 795.515684 354.057073 730.736283 313.702953
line 2.827986 396.557192 9.318653 395.327567
line 1843.082307 506.647167 1831.761364 508.768577
line 1770.907492 522.640156 1763.088744 525.526798
line 1416.796468 670.626571 1416.096027 635.615576
line 1473.161223 679.459517 1461.846624 684.308791
line 1839.674361 741.893713 1838.268466 764.383968
line 1625.632929 813.029561 1610.632617 811.783315
line 1824.402751 834.239831 1808.071247 830.886815
line 176.456032 341.347420 166.670957 349.118062
line 1998.852884 378.007125 1994.614715 351.836180
line 818.046045 373.502910 795.980061 353.035008
line 15.779374 369.260813 11.907169 364.025798
line 1011.564542 420.561846 1019.431984 381.886592
line 1095.367382 414.207687 1090.458143 421.766633
line 1644.369886 488.740244 1613.111844 488.992087
line 1844.565057 713.804234 1821.752563 720.187431
line 1030.522459 737.111713 1032.901593 725.578913
line 1858.530407 731.859997 1859.687008 763.113453
line 319.369241 776.955632 330.403324 766.637932
line 1785.726535 728.791111 1727.007115 737.741724
line 1818.041221 748.123787 1817.679336 773.118547
line 586.809207 769.681258 595.943265 771.643512
line 1740.663494 773.479957 1716.787616 776.069226
line 724.370343 806.862104 705.786840 813.573149
line 1535.838261 835.184175 1518.242689 839.821546
line 107.881757 160.172878 100.339689 159.277046
line 1934.437701 496.593548 1893.280974 487.424860
line 465.654379 562.208859 484.369455 560.561989
line 830.567331 756.882274 827.734743 734.424222
line 256.922317 293.965258 236.168981 302.025611
line 285.677538 282.682245 256.647868 294.494956
line 228.782324 302.931417 218.209158 309.510255
line 546.854725 557.475313 530.620535 557.981937
line 762.997540 611.437204 720.463577 623.820549
line 595.593814 769.194705 609.574178 766.776517
line 387.543480 791.076927 393.955966 781.591712
line 669.626937 819.551568 667.545349 807.785269
line 1631.765422 822.364826 1605.520211 826.148051
line 1223.629462 359.588684 1238.707476 366.928421
line 1904.510527 397.601076 1897.329572 386.578847
line 819.352014 658.084960 790.711926 674.526421
line 117.165003 176.053688 104.398188 178.259225
line 101.866742 185.841278 94.377660 185.555325
line 92.314725 262.403778 103.499244 259.638895
line 824.697086 379.089277 819.942929 373.730065
line 719.585594 624.055222 664.575148 636.509081
line 919.776706 237.708832 908.690850 243.049548
line 303.904205 275.825918 296.469864 277.970698
line 294.548059 277.379263 286.686972 280.077119
line 218.353220 309.767517 211.789964 312.949609
line 829.160101 377.216677 823.342571 370.587175
line 1871.896451 485.915195 1855.550966 487.123461
line 721.654362 319.369081 709.392553 314.332270
line 1278.085141 331.010131 1274.898710 320.338318
line 2035.604950 675.470233 2015.457281 678.080384
line 1715.642461 815.807160 1688.155379 818.441923
line 83.041910 261.624815 90.540529 259.134409
line 830.067763 385.485170 825.672373 379.341110
line 84.774631 171.470806 69.840908 174.318387
line 699.706674 310.366811 688.451230 307.891566
line 322.016680 281.724225 309.087024 283.390736
