#ELSD# 1638 819 texture.pgm (width height input)
# FORMAT:
#   line <x1> <y1> <x2> <y2>
#   circle <cx> <cy> <rx> <ry> <angle_start> <angle_end>
#   eclipse <x> <y> <rx> <ry> <rotation> <angle_start> <angle_end>
line 365.445120 410.640397 358.619764 330.903644
line 703.665279 336.850811 705.101044 443.115190
line 31.876714 384.253884 51.890396 384.537115
line 155.614052 389.040121 171.887524 388.508086
line 5.616762 383.752194 25.629728 384.015052
line 53.138586 409.369224 53.237851 388.119688
line 171.913432 391.282400 153.081641 392.383322
line 818.084368 431.017068 865.648037 432.193994
line 151.842815 390.534806 130.609167 389.945571
line 889.336558 432.358515 919.376939 432.102826
line 808.051424 384.123387 807.277769 392.036587
line 130.571458 386.408384 149.404351 387.695563
line 807.471410 393.115552 806.874464 434.411131
line 355.894530 330.585320 318.044658 339.014225
line 728.471527 401.919424 727.916682 390.635243
line 366.412597 454.406923 365.737053 418.169517
line 116.867280 409.377698 116.908011 390.622357
line 316.251380 453.165458 309.108233 343.061212
line 865.405170 431.299776 888.400790 432.892053
line 93.129256 389.375020 93.071404 401.874752
line 90.118416 403.119754 90.260802 389.371228
line 29.988184 388.131276 29.783364 408.141974
line 25.618444 387.183559 5.600923 386.758267
line 153.106850 368.083751 153.777208 388.103161
line 26.353401 408.134430 26.612497 388.121601
line 52.776233 383.141384 53.163251 361.852971
line 150.486632 385.672494 149.885764 368.107528
line 174.496301 410.684864 173.426601 368.180326
line 315.620049 340.625482 319.286018 378.255446
line 173.027907 367.422364 127.956856 364.987650
line 717.557145 356.872808 717.794165 430.626063
line 320.423222 379.316816 324.588807 454.363132
line 26.900784 381.886616 26.722781 363.126444
line 29.952351 363.114287 30.323757 383.130590
line 711.741058 433.116007 711.106476 354.361048
line 127.443452 360.542305 128.857311 413.004201
line 274.464173 350.560786 277.645052 416.898014
line 3.791201 363.153185 3.092689 410.642911
line 94.377151 385.569292 115.643709 386.390509
line 728.314120 430.634731 728.073244 404.375475
line 925.637762 435.616061 926.206704 356.870172
line 727.675334 376.876523 727.603364 355.622534
line 51.878923 387.799850 31.866755 387.558427
line 125.641516 414.453925 140.764017 411.289307
line 51.872032 362.228935 30.613046 362.050685
line 25.627729 362.103729 5.623184 362.140645
line 66.905095 384.604493 88.136630 385.230617
line 161.846579 411.735158 173.135242 411.824029
line 92.934876 365.617069 93.075243 384.375372
line 65.521578 389.374248 65.385140 408.141431
line 0.623099 410.440042 53.123958 410.402880
line 116.678120 385.642409 116.422478 364.395485
line 89.364057 388.420651 66.848636 387.587257
line 109.361166 390.621121 105.096812 405.827420
line 141.040421 409.990660 151.620600 412.824728
line 151.394470 413.122995 160.990858 411.279934
line 115.525451 364.831708 93.029077 363.519536
line 920.496755 430.628650 919.926990 410.609290
line 66.064954 363.195969 64.962338 389.452158
line 54.401809 411.213406 116.886717 411.743244
line 719.265538 431.969860 731.771688 430.784762
line 277.672735 425.601739 278.474969 453.114796
line 108.157361 388.838462 94.435591 389.460849
line 809.347670 430.624892 809.495882 393.125478
line 89.839009 384.377543 89.774293 364.377753
line 918.245688 422.410403 869.205594 414.128061
line 810.011903 364.359738 810.115468 385.645724
line 89.364393 363.441080 66.847802 362.685502
line 306.325539 340.654171 275.247547 349.262273
line 925.625074 354.904644 809.374902 354.920791
line 818.147117 405.422015 865.652324 404.418533
line 295.415577 429.049961 301.163052 438.118453
line 1380.556957 460.931438 1436.874653 456.870186
line 919.374962 359.355102 814.372942 359.557568
line 298.334607 438.359567 283.205190 435.236525
line 269.322025 454.027673 313.141181 456.599273
line 920.672482 404.382153 920.906856 361.869663
line 1422.014226 473.359191 1340.775546 480.979866
line 868.180535 414.067020 831.980591 407.539429
line 254.320913 458.963200 360.612296 465.821883
line 739.135437 434.705937 750.584989 431.721500
line 753.502684 444.333704 751.821331 378.062934
line 5.612789 394.491082 24.547736 396.482964
line 76.624828 405.535109 88.397960 403.336939
line 250.009797 346.813285 253.613116 456.859017
line 360.593988 462.438859 265.606322 457.214609
line 750.565890 355.788890 705.160568 339.412703
line 318.127123 456.707278 354.378914 456.761573
line 1328.452604 471.483870 1340.534435 484.459328
line 1435.602717 438.786380 1384.378807 440.725571
line 1056.823287 379.638525 1043.176318 380.353929
line 335.637965 408.461920 346.919360 408.027818
line 358.873180 330.950932 356.050291 315.778440
line 292.036483 439.115062 312.972138 452.121061
line 866.775498 403.780331 903.225760 404.929774
line 811.404651 408.057723 813.234022 429.257729
line 751.583502 376.920067 750.997150 356.864120
line 1377.852877 434.695786 1399.384841 436.772987
line 1341.821287 483.528438 1384.466851 480.822668
line 179.484794 365.550964 179.949431 381.929625
line 192.709915 413.138694 191.347792 371.851154
line 1009.359632 459.351451 1024.374655 459.290303
line 56.872771 350.277722 0.617066 350.638761
line 355.620465 458.640661 365.627803 458.578862
line 946.673253 478.404818 966.948431 493.023154
line 315.515944 375.558799 320.167371 455.724082
line 751.646024 456.802377 754.870517 446.635706
line 705.475525 344.852716 726.968047 351.577627
line 353.251291 416.928112 325.662767 414.017078
line 748.452961 432.997945 746.687017 463.187124
line 730.054461 366.866030 730.863318 428.138355
line 354.584610 315.183351 309.686352 326.825716
line 1056.189576 330.624067 1056.268109 378.128070
line 905.540265 405.114607 915.602661 404.831374
line 180.178480 383.121671 180.297629 411.876357
line 923.125000 361.875000 923.125000 430.625000
line 1630.934235 351.875104 1630.914504 410.625517
line 734.309284 432.737500 706.959909 437.375672
line 961.928672 445.083099 951.780612 444.078003
line 86.940526 352.405058 69.358633 350.804830
line 727.136326 356.954965 718.671385 353.711096
line 191.903535 719.783071 131.847558 723.982560
line 1385.306201 480.793776 1404.551001 478.162012
line 813.905520 386.857169 814.334944 405.654471
line 1508.263049 460.307342 1423.094358 472.918052
line 279.370843 406.720986 303.137267 406.079479
line 312.594701 326.348985 249.608216 345.156060
line 129.397364 360.173131 154.397991 361.410461
line 640.506705 344.375351 640.736448 421.870964
line 1348.407121 565.884887 1421.925999 552.147941
line 115.612131 353.390158 93.165006 352.300716
line 1129.164185 480.584368 1128.397948 508.132592
line 1142.925447 499.413099 1144.785116 448.139875
line 549.712587 546.895563 550.425251 491.872413
line 706.768436 441.342337 738.979528 434.898221
line 931.402085 449.011791 947.232774 457.454117
line 1635.589102 380.538737 1633.638744 353.088498
line 265.773814 453.118514 261.359611 351.842981
line 992.911411 333.122192 991.382690 449.384963
line 1440.625630 690.497341 1510.630092 690.842671
line 1446.792448 472.526113 1487.061138 466.975367
line 272.661839 433.100659 271.656226 400.593099
line 1033.673206 420.629784 1033.630273 403.114570
line 1031.417348 510.641893 1033.310942 421.825663
line 271.998384 450.879997 274.211747 428.109132
line 816.996223 420.735914 835.667785 422.722965
line 739.301629 428.125699 738.706668 365.631363
line 733.023284 428.125825 732.587107 374.369222
line 505.226391 333.336903 502.952648 315.647153
line 954.332375 443.330114 943.104859 443.153200
line 1150.523923 419.377289 1150.767974 296.875285
line 266.373774 390.605001 267.976951 450.628954
line 1032.201122 403.185545 1032.827386 348.093198
line 1423.124217 429.326566 1395.631396 429.770805
line 31.593014 398.593178 50.850068 401.753633
line 477.816382 284.319962 485.857717 421.861394
line 1635.564461 410.625435 1635.348674 380.626988
line 1080.896191 444.379068 1081.233900 421.865383
line 1414.648012 452.340262 1398.023348 454.986349
line 717.566989 501.940124 719.687845 479.404442
line 1039.351552 448.059035 1035.137288 529.414487
line 741.143201 360.617045 742.198678 429.370031
line 981.346008 443.681510 987.093669 449.144955
line 1352.005432 542.632222 1424.507414 530.143730
line 27.987595 354.216402 50.756196 357.082914
line 171.850949 357.226730 116.851692 353.465855
line 505.816986 396.931602 502.805575 340.642089
line 263.254957 630.792537 244.433949 632.518005
line 506.836757 313.010971 508.044375 299.367863
line 1080.375467 464.384717 1079.595978 444.366395
line 888.012293 560.414052 913.123601 563.137895
line 1039.897336 330.625938 1039.688682 446.877807
line 284.783661 623.141315 261.081746 630.790315
line 924.377508 290.937374 821.843975 291.760549
line 523.105205 284.166730 529.280192 320.641051
line 260.733866 347.264905 354.179229 321.173846
line 547.931152 288.147053 554.749619 348.082382
line 1145.246463 359.375946 1145.121499 309.373134
line 1147.446682 515.600800 1148.739908 479.352342
line 734.792646 365.620299 735.257170 406.893209
line 701.949411 443.123425 700.520973 375.627202
line 1079.698407 474.932005 1068.180594 476.150498
line 1043.664823 488.136428 1043.929322 475.642027
line 744.666188 490.670482 749.389278 460.431987
line 558.036715 348.127503 557.292219 321.863173
line 264.403329 351.811326 266.337983 390.651749
line 1153.587562 451.880270 1153.943705 420.620086
line 645.638508 480.708088 615.619090 485.588648
line 744.575396 302.926187 699.313941 311.554712
line 675.302493 324.381080 674.130707 503.131593
line 1400.457645 480.843535 1445.686676 473.505132
line 1131.981485 510.636198 1124.762539 579.284305
line 1495.631213 712.740095 1479.365274 712.477555
line 597.342945 320.769528 592.892373 296.686984
line 1393.133205 429.669927 1375.623759 429.519507
line 1046.303209 378.130654 1045.833465 330.622939
line 578.228447 310.745555 582.025636 346.859161
line 671.944782 503.134005 673.215630 316.884148
line 812.002208 277.985558 910.673766 274.509140
line 354.643288 325.524711 310.662950 335.787631
line 153.143009 360.391986 171.973745 361.847361
line 272.718519 385.823440 269.990495 363.051266
line 502.159310 421.774134 504.885000 395.678269
line 1125.199358 508.153598 1126.067111 483.140338
line 970.471431 465.459745 1008.339383 461.350697
line 211.896749 634.181322 196.806303 632.486759
line 1081.407783 420.629950 1080.533598 338.125968
line 1045.856021 433.144862 1044.993406 443.178168
line 772.252408 384.625591 782.417979 369.315499
line 774.319138 493.118945 776.624691 471.847869
line 932.765592 526.662119 908.125600 518.123268
line 901.895174 398.221757 918.467251 394.766504
line 990.716892 450.339000 1008.804519 456.150543
line 120.618806 366.875007 120.666658 410.624954
line 1488.023811 466.417452 1500.731608 463.607049
line 1045.560009 443.122262 1044.346669 471.926461
line 236.954975 753.516290 223.265865 756.314199
line 512.089231 296.683623 514.405115 284.149604
line 166.874185 415.605900 191.828800 414.541679
line 1440.523483 452.163276 1460.694570 450.034073
line 940.335540 454.530872 947.239507 467.351830
line 380.712323 572.456835 345.657603 567.875531
line 243.239575 631.210673 233.109719 629.463600
line 144.389760 654.112379 121.857424 654.449200
line 1091.256709 319.366843 1092.693336 430.630574
line 972.314264 447.317887 980.937989 443.919160
line 820.858937 292.338584 745.220854 302.664646
line 1134.636229 336.873818 1135.128416 445.627247
line 1316.761408 571.989684 1326.977143 470.761455
line 916.436465 524.289091 933.141173 530.582070
line 945.243832 451.306001 926.619381 442.410168
line 839.401582 496.222755 816.837174 495.303141
line 1239.533897 613.222353 1191.736014 606.633208
line 225.600222 634.791413 211.788115 635.201968
line 532.581357 321.879853 532.402736 301.870289
line 1046.107294 381.876951 1045.899991 433.131168
line 609.406722 310.440345 611.314953 297.850650
line 590.913089 427.180684 603.282673 425.910571
line 610.692281 296.487118 550.550397 286.055093
line 1080.044042 335.647506 1079.316887 316.877251
line 1131.183287 280.615302 1130.412086 335.622015
line 833.160746 437.345781 866.897093 438.893402
line 706.955783 445.620164 708.526235 471.850978
line 898.300439 455.414198 930.925728 449.906332
line 544.726108 499.296376 542.419049 525.672587
line 541.191464 551.926743 543.713663 524.314591
line 572.290987 399.411826 573.408417 386.789431
line 140.605436 698.070214 161.869398 697.751384
line 118.983597 290.347485 157.479423 236.053552
line 945.666662 508.654993 919.480214 510.713462
line 1425.706999 527.341532 1353.248394 540.077046
line 1074.553264 562.833914 1120.436285 590.933151
line 1456.717911 596.351118 1503.225055 606.412514
line 1500.675864 613.553289 1474.371900 611.925073
line 185.414833 618.204357 200.598678 615.478386
line 163.635658 644.141366 144.156646 653.928295
line 829.395474 813.321263 766.870504 812.106390
line 722.111001 167.837881 745.482494 187.048373
line 558.001583 402.529727 570.483375 399.941902
line 969.163641 505.642092 969.555035 481.857393
line 722.085821 522.839851 690.919774 520.480747
line 470.337032 556.387799 462.447580 566.337871
line 152.780196 571.001325 166.538158 583.606908
line 1228.082073 786.232630 1244.339243 787.381141
line 532.955101 521.867289 534.089934 496.862063
line 546.766126 523.030585 544.846573 550.657765
line 514.349445 282.707902 485.619106 282.355417
line 1146.356206 300.667176 1147.676814 316.911436
line 1591.865715 528.394656 1579.294536 527.961787
line 1185.742344 604.307520 1167.938248 602.721762
line 312.092881 695.885488 291.705166 691.396306
line 594.715747 335.913689 593.008011 323.140641
line 975.364534 495.266408 1006.802290 490.175956
line 744.205201 509.867911 724.402171 503.046126
line 151.917339 585.192582 129.388537 582.986746
line 456.932715 571.862757 399.382984 574.546225
line 195.749667 632.113242 185.595785 630.862096
line 1406.882311 794.714838 1381.873884 794.513947
line 0.615001 353.645598 19.382086 354.006042
line 1461.901155 450.482469 1506.766655 458.715426
line 499.684737 441.845228 501.731506 463.138793
line 1507.662951 516.853008 1510.342661 460.552067
line 919.581182 509.644585 905.910056 506.769534
line 470.266406 569.469431 471.603638 556.846253
line 466.165572 601.948986 470.455902 570.601856
line 1260.676399 615.194784 1240.516137 612.786199
line 155.576998 622.711030 184.517649 619.355209
line 193.455160 202.188033 160.594790 236.846357
line 706.452178 298.321945 814.221053 278.536470
line 644.173773 426.821745 645.579448 454.504259
line 755.201498 520.282942 773.544248 503.585561
line 1520.431534 683.291542 1534.405587 680.796294
line 114.424410 696.245833 139.466299 698.212434
line 1466.826509 775.451807 1481.851656 774.939866
line 676.856440 464.374882 677.436630 373.128571
line 1328.129633 458.323682 1365.609256 457.449776
line 656.694040 443.044187 660.668593 495.621705
line 616.895163 481.967694 638.223601 477.328294
line 770.734715 470.631477 769.480168 491.881209
line 716.867798 478.124392 714.648906 504.398132
line 1137.905237 580.596506 1142.908418 542.008991
line 1122.566043 571.816231 1128.990158 510.715963
line 290.379487 572.497295 324.365657 568.053541
line 1317.083014 611.587076 1304.108483 614.392347
line 1261.878046 732.014689 1286.920649 731.468674
line 1062.960594 320.086301 1053.114681 323.091189
line 536.496048 368.122582 536.392345 384.371920
line 945.594128 447.226895 969.380380 449.313672
line 713.265683 467.947696 710.246140 444.263935
line 681.506987 501.963187 704.474194 494.688156
line 774.460066 505.709836 760.103673 520.105080
line 891.101396 524.597241 900.072302 505.367164
line 349.211410 571.905835 376.898367 575.442044
line 292.982585 678.573336 321.853777 676.569255
line 95.614716 356.350651 113.132494 356.007082
line 989.176174 448.124767 989.211404 418.124808
line 1006.626355 488.690502 990.706102 481.690547
line 1142.657640 543.085699 1144.867091 516.811266
line 641.229673 544.852930 633.790376 534.807973
line 1383.074299 557.774262 1349.307129 562.655485
line 1553.178669 615.398406 1570.870447 619.588702
line 1235.097798 404.362406 1234.500218 429.377991
line 187.044837 520.623515 186.159527 419.370326
line 1091.607613 470.694176 1085.891172 551.893738
line 1429.102249 494.337794 1404.162546 499.622355
line 338.254984 567.657994 260.192079 545.930399
line 101.792800 595.477027 116.588005 613.362409
line 1426.893472 799.976506 1373.115894 798.444705
line 975.626598 813.817256 830.620626 813.401826
line 602.348517 320.798200 598.983508 305.712325
line 1148.104367 318.124443 1146.956549 360.627202
line 840.625000 356.875000 870.625000 356.875000
line 729.192497 501.262103 743.223438 505.281360
line 53.225574 592.903084 39.468649 586.668363
line 1453.099820 704.726268 1435.600138 703.471824
line 1481.796876 789.402873 1436.900432 792.272850
line 129.375808 808.112985 78.189203 804.670388
line 157.762543 235.288035 191.486036 199.013391
line 634.284532 309.374187 634.026240 338.121866
line 741.908294 465.650919 742.464507 438.111660
line 967.062311 463.990961 945.463400 453.456325
line 1510.748455 459.381127 1513.601490 401.898650
line 98.987401 466.870305 98.699772 490.616821
line 1371.888739 526.966253 1409.477678 521.306987
line 366.199660 584.280189 347.868595 573.563589
line 113.081746 647.978731 133.852856 641.836305
line 210.862382 164.490415 178.489699 193.383067
line 160.256533 237.849034 139.425310 265.662680
line 947.632627 457.719591 965.973471 466.113594
line 531.974833 496.743436 516.761318 498.101414
line 134.260786 641.162704 154.541093 637.910846
line 135.128301 271.545935 124.214877 288.018918
line 686.721013 305.012833 706.425251 300.056362
line 1033.352521 327.443942 1067.189845 313.912304
line 1198.898430 344.433466 1193.803614 411.831807
line 803.111400 494.252466 790.626464 495.638186
line 714.673282 508.483471 741.661532 517.513029
line 1025.996961 562.172070 1004.487652 567.343543
line 1451.805380 766.485260 1488.098356 767.682609
line 1327.477681 423.105684 1326.805776 445.622934
line 794.380847 489.996822 776.859095 489.833731
line 748.149822 534.141235 727.979059 531.999405
line 463.080239 732.722082 483.110763 730.496843
line 1468.075972 739.880027 1454.303359 740.786436
line 429.367005 783.338346 440.648006 783.761098
line 840.616747 332.241407 903.134224 332.421418
line 634.147390 337.888710 637.354239 351.764241
line 1132.327702 436.880177 1131.686476 338.118108
line 538.311429 384.716665 548.119496 379.364913
line 1026.707893 459.377334 1026.131270 418.100466
line 548.114081 490.458528 561.968454 489.549825
line 750.794995 488.135766 748.498319 524.398644
line 872.979641 552.659992 884.528056 554.798445
line 319.496909 594.999344 291.869877 596.796227
line 1468.075561 608.358462 1459.194416 606.477763
line 120.621399 634.431365 94.319032 632.751098
line 638.159165 349.374832 637.968987 310.625766
line 895.416780 389.471013 914.349550 387.831164
line 127.550317 530.627660 127.993420 418.124482
line 28.099176 559.752453 0.557055 557.868091
line 954.364496 569.494232 885.597577 563.436296
line 1519.435551 570.086527 1506.814025 568.667249
line 29.265049 587.797264 10.527230 594.083573
line 255.922360 137.700104 218.049073 159.241509
line 876.875000 356.875000 913.125000 356.875000
line 986.868437 450.840392 971.869040 450.935547
line 677.877539 548.876821 702.405510 536.693001
line 885.555364 558.441246 862.378619 553.337846
line 1419.424799 549.601813 1383.270943 557.539710
line 368.704123 577.558473 416.573821 592.819704
line 1451.760039 605.988553 1431.781400 599.671002
line 1450.669703 739.679616 1439.477305 741.322125
line 484.717883 284.374112 484.782638 309.377182
line 990.630524 478.113033 1009.416376 486.785372
circle 524.909899 487.335631 -2.931538 -2.931538 0.000000 5.085742 11.197107
line 769.469547 501.171940 754.240659 499.123970
line 633.181933 528.018211 672.177315 548.807947
line 399.315707 572.619608 380.584940 571.128077
line 330.734151 574.576733 342.547298 583.860128
line 1568.681908 588.990541 1578.922449 603.824485
line 96.863302 615.170669 87.102657 599.693140
line 205.703964 615.536133 215.015954 623.810427
line 1490.624257 705.073386 1453.125629 705.033494
line 1381.989084 794.209561 1365.526776 795.941213
line 911.729604 275.877983 934.298686 277.069948
line 1077.591936 315.855431 1067.530253 320.728058
line 771.568632 396.388018 798.262912 379.594216
line 1185.181323 408.142614 1185.864258 376.880227
line 545.660485 429.813508 519.380273 431.940162
line 705.593400 535.622941 704.209550 556.864221
line 744.358922 575.396910 728.101590 576.542900
line 235.708533 627.143931 254.579215 621.282461
line 1576.595552 623.467978 1562.192482 627.905472
line 183.117716 633.038802 164.290899 634.629802
line 1613.133885 794.565281 1635.643173 793.514179
line 806.888978 805.892268 893.099294 801.383485
line 1034.233499 346.931514 1033.519819 329.358965
line 94.090585 479.412654 94.433180 470.627269
line 914.355895 518.206910 941.819590 524.612565
line 731.896268 521.793844 748.884684 526.245954
line 1134.935056 595.511992 1137.559801 579.487165
line 1304.705226 599.448990 1310.544639 573.387068
line 618.161943 610.999364 600.586392 612.733771
line 581.874861 699.688947 568.125416 699.682880
line 274.351720 741.240139 304.356054 742.375639
line 779.349406 334.414315 839.363795 334.000380
line 804.889772 375.611851 804.378437 355.592984
line 693.748395 396.884310 693.283898 365.622639
line 918.143359 390.975784 901.872506 391.827347
line 123.203336 411.874390 122.920857 375.626591
line 126.872597 418.284069 61.868549 417.302011
line 969.454946 417.048687 966.823916 437.194822
line 1073.283650 445.622267 1073.542309 460.639343
line 426.986306 454.198420 425.679300 471.879014
line 569.199101 488.327647 602.236773 482.779105
line 1313.742964 547.019422 1320.527275 459.270800
line 135.676557 575.211673 153.215507 577.399410
line 1272.014595 794.659434 1254.348452 793.546355
line 1315.638174 795.505239 1279.378530 795.927883
line 999.706747 300.134781 925.483528 291.900165
line 1400.440855 436.242486 1414.302764 434.886535
line 491.476976 468.083963 492.744220 494.393341
line 356.759430 553.715499 379.371851 558.141091
line 1178.359899 568.163164 1175.493367 585.806700
line 470.577514 727.920717 443.108933 734.305882
line 183.020849 732.658828 168.201997 735.969632
line 575.617759 810.994181 530.635063 810.111929
line 1635.600527 52.894795 1550.499230 61.941958
line 1123.269090 266.069040 1104.470459 272.169175
line 1126.406640 335.614080 1127.689025 280.614835
line 640.625000 319.375000 640.625000 343.125000
line 1391.500541 406.860974 1392.295386 385.640746
line 1087.699001 435.613404 1086.045511 318.119082
line 531.899465 438.349866 520.512261 439.588798
line 923.170468 449.743257 891.933648 453.600005
line 968.461926 479.383704 968.753197 468.108936
line 425.483885 473.123829 425.006571 530.640615
line 492.378225 501.863853 492.079470 521.878052
line 686.986088 526.604583 700.947496 532.339959
line 915.687541 563.010454 949.423964 564.556692
line 1176.809638 587.309244 1204.252338 591.439922
line 1345.495090 756.167527 1328.094837 752.000965
line 446.862471 776.240664 469.378377 775.795960
line 765.625525 806.949314 804.373590 806.675474
line 765.628215 812.723891 614.367894 811.511503
line 99.377304 50.751763 0.591779 52.547368
line 1052.642201 292.543485 1034.910841 307.264819
line 68.118422 354.481355 85.705769 355.569205
line 1072.540925 374.282570 1069.747597 391.933963
line 132.583654 431.714041 130.548104 454.368091
line 1071.640884 467.002152 1078.828419 465.503536
line 655.923671 483.150507 654.209920 503.217653
line 892.692335 455.506016 898.550141 495.745079
line 1023.296591 521.885845 1025.824544 481.887612
line 73.141210 552.534626 124.390978 551.275162
line 1628.133007 555.312882 1610.580423 554.862573
line 1311.870179 599.374242 1316.020666 572.990602
line 279.539318 682.238971 265.574173 679.649066
line 682.356807 350.758512 687.527904 380.511525
line 605.637358 435.175527 584.353837 435.504077
line 153.647994 449.309896 155.524899 464.387461
line 944.397071 465.587554 965.636018 478.106306
line 155.564269 547.829486 179.337756 542.943772
line 311.885228 553.078110 361.696510 563.943287
line 370.625535 597.778993 341.874065 597.796014
line 1491.823133 643.751609 1519.340649 641.462135
line 98.851403 703.129218 113.831958 696.832954
line 464.369935 763.976574 433.140872 764.373561
line 471.953308 768.585984 448.456658 772.577403
line 1635.683926 790.513481 1611.868330 791.746142
line 482.377752 428.104566 478.058121 321.826912
line 714.920773 444.392137 714.214967 466.869975
circle 612.256553 461.508136 -2.291135 -2.291135 0.000000 3.237960 9.331478
line 1018.887688 500.575269 1016.841924 520.621625
line 1143.198833 578.275030 1150.163219 516.822666
line 1558.157263 534.266338 1511.902416 520.532662
line 125.662108 550.921773 154.431206 547.324507
line 245.696633 552.820965 231.832703 549.554522
line 98.127351 559.054665 71.871197 559.121055
line 286.499990 590.059216 282.052923 579.497451
line 535.570883 608.126187 535.077208 585.609604
line 1594.372641 804.115354 1555.625839 804.467360
line 271.167203 131.938963 256.773309 137.878566
line 584.299252 366.880459 586.104629 391.930521
line 1394.713518 428.135514 1395.374063 406.867206
line 184.379876 418.527839 164.367678 418.770075
line 69.386989 560.952982 55.623062 560.774015
line 1289.252843 742.382386 1313.177938 738.446820
line 508.124722 758.122875 546.866268 753.058205
line 111.854072 766.524249 91.864899 766.059038
line 420.673632 769.892509 459.433743 766.250100
line 1495.574450 768.351152 1512.381733 772.107984
line 683.146678 318.047394 703.318533 323.682173
line 701.325240 371.892907 700.103760 334.391978
line 1231.287136 429.427367 1233.267596 404.386278
line 504.336695 430.120697 521.830710 428.791908
line 1355.260236 490.597025 1353.823321 509.332689
line 125.703916 535.009554 113.088128 536.578517
line 598.227291 559.898505 584.512429 562.578336
line 1004.438348 564.634612 1022.998306 560.105786
line 439.379474 776.192109 405.621714 776.458439
line 1253.185710 794.053199 1223.305885 788.416189
line 690.586777 378.127833 692.067602 398.110727
line 194.485489 383.120109 195.981498 416.914553
line 423.209136 399.370706 424.802936 430.603162
line 586.502688 432.886796 590.996637 425.862772
line 188.722799 418.109730 191.341004 520.606710
line 1365.767090 439.448424 1370.389443 430.503277
line 491.000892 454.321828 492.610095 465.697836
line 1018.944722 481.946402 1022.073263 500.799528
line 1406.799394 496.194268 1368.110150 500.491294
line 1028.679888 533.169812 1030.601693 509.373118
line 349.314709 666.515830 365.731605 663.760080
line 224.164852 735.927681 242.165496 731.934518
line 1359.354305 754.721614 1384.339871 756.213380
line 1346.875397 806.903467 1264.373997 808.053040
line 222.250787 151.375221 270.732922 127.090456
line 53.440986 529.338882 57.693919 419.358330
line 954.648487 501.061235 944.657161 507.325070
line 1003.132096 567.196230 988.111813 567.528033
line 403.170196 607.154333 388.158689 609.583215
line 1533.218275 688.637608 1516.881727 689.502115
line 188.112572 737.127374 214.421883 738.422917
line 1495.745247 217.857902 1458.014062 200.871420
line 1323.079571 390.673565 1322.046546 363.118569
line 554.392670 434.678857 585.609796 432.863542
line 1320.326655 458.177046 1322.378853 420.652556
line 1566.143436 448.064998 1563.572434 479.411698
line 679.756275 454.356544 679.171740 481.870682
line 1028.588468 461.883426 1027.747915 508.118145
line 940.606864 518.078989 966.083122 508.037274
line 483.190299 529.372899 483.713975 545.646272
line 1582.335801 548.841027 1558.255184 542.620996
line 0.578128 567.661753 13.201844 566.384466
line 294.415834 750.294156 259.333143 745.964136
line 93.120755 768.783642 110.628826 768.657976
line 1063.118449 802.540803 1119.375302 803.094307
line 1120.542962 279.137443 1085.415496 291.268338
line 643.406641 345.616731 642.378889 310.610206
line 1027.708229 353.106484 1027.041891 323.121291
line 187.947360 355.633485 186.634000 328.136511
line 678.922391 370.666920 677.638442 356.804290
line 931.561511 349.582696 950.712667 378.488754
line 1464.529045 426.889440 1462.532714 448.186652
line 703.514875 493.191140 703.971940 481.858744
line 965.653321 499.407020 953.159418 499.683018
line 644.566754 522.617659 650.120272 511.033754
line 1178.697285 560.638411 1179.605524 521.880402
line 369.294240 562.354899 341.733340 557.716777
line 1430.415233 520.609328 1425.743944 583.133886
line 685.465433 580.255342 660.298616 591.118889
line 502.005371 620.245278 476.869823 621.790800
line 1404.373903 804.229473 1380.625253 804.408561
line 1539.379686 807.042495 1501.874072 808.091843
line 1549.586330 62.887149 1518.141221 69.452687
line 1101.882427 215.646718 1128.063168 206.694180
line 1144.561517 305.629760 1145.358536 274.400101
line 1067.998254 314.059310 1078.338860 309.907667
line 998.054791 326.735198 1029.026505 311.181070
line 918.135687 400.136187 898.117927 399.698516
line 132.070868 455.612938 132.467278 503.130487
line 691.633664 485.625327 691.586193 450.623696
line 1142.916139 519.381850 1142.300545 500.611044
line 1224.580735 554.382929 1225.352229 534.364488
line 189.500735 541.092213 226.977684 531.006560
line 1558.285924 541.196731 1532.933602 535.181709
line 1596.999171 551.185733 1583.027060 548.668659
line 148.107982 554.258303 127.988984 557.192317
line 14.374974 556.443058 45.624974 556.441159
line 342.185517 588.874608 331.888978 594.401043
line 242.797383 730.838867 262.776155 724.521732
line 901.814580 753.932731 864.337274 751.129339
line 211.924447 58.868900 146.813210 52.507434
line 1055.422585 236.522788 1031.628975 250.196905
line 56.896111 417.349203 0.585763 415.816862
line 1022.184343 461.746561 1023.539065 478.193854
line 860.532459 496.679041 841.708070 495.026322
line 710.833806 512.677182 728.081098 520.719156
line 1349.578287 539.405823 1352.969332 517.040926
line 1184.558744 525.649458 1179.566967 563.150553
line 4.378115 550.573370 23.135260 551.704931
line 1609.355889 553.946719 1595.671434 553.628456
line 584.384888 564.492137 568.125216 564.350215
line 1206.929741 568.959552 1189.404599 566.650363
line 533.144889 748.371560 513.131811 748.637528
line 1606.863777 752.513994 1625.653358 752.168867
line 1521.815024 788.534138 1500.583879 790.048475
line 1168.122709 801.722749 1141.878651 802.117630
line 1436.943284 100.715138 1413.429917 118.527508
line 1413.549521 118.600176 1394.201976 139.212593
line 763.094788 333.711142 778.247819 334.492180
line 1324.375000 353.125000 1324.375000 378.125000
line 61.875000 404.375000 61.875000 376.875000
line 960.704812 391.877312 959.762945 424.386240
line 898.131729 497.561935 861.886905 497.128799
line 1633.723430 501.820632 1631.427364 529.337649
line 60.319525 483.116432 58.987354 530.614128
line 1496.116203 544.392421 1496.914763 521.876410
line 1615.576275 547.159238 1591.671620 543.061418
line 1199.317625 602.311020 1251.894156 609.229422
line 849.370233 727.501029 871.876447 727.443777
line 879.328979 728.462074 914.303116 726.699023
line 1349.254246 743.329861 1368.042288 741.159116
line 168.128724 753.201808 153.103439 753.930308
line 340.715643 771.486219 320.674524 773.595536
line 411.900787 780.477955 428.303952 783.354574
line 524.456439 789.713653 510.593736 788.474866
line 1516.774850 69.055509 1470.381550 83.598368
line 310.319050 118.292052 281.731869 126.368370
line 1510.366699 226.082336 1495.247621 217.543171
line 981.695264 283.902481 997.031533 287.447888
line 1034.001715 308.341013 1017.268331 304.080259
line 682.184018 314.986831 666.078632 307.188181
line 68.169677 358.694427 93.144110 360.333891
line 562.001675 446.541797 550.453993 448.137361
line 1498.210571 466.879573 1497.407618 481.903466
line 601.792810 530.622724 603.004188 486.871655
line 1354.602268 510.494108 1364.120898 527.021346
line 420.381552 534.377724 419.262358 434.362273
line 1159.266283 594.975438 1198.320248 602.046655
line 421.758767 739.271078 449.270624 736.909200
line 430.602417 766.531867 411.851368 767.765927
line 1363.140270 785.161211 1385.615907 785.901195
line 1494.765691 786.420935 1480.808548 789.086187
line 1260.632467 810.464304 1206.882363 807.966548
line 145.636607 52.830457 100.608013 51.056088
line 753.909136 197.387667 781.748384 226.994059
line 1016.957883 303.920547 1000.348454 300.891320
line 477.538645 320.677644 474.168744 283.143518
line 348.185277 397.287143 324.574671 400.740251
line 88.233394 431.875333 88.145072 460.625062
line 655.807336 465.608680 654.465487 450.616901
line 1046.689437 473.441101 1071.695665 468.472443
line 990.586226 481.211155 973.162470 480.058565
line 1454.436982 493.608820 1429.368003 496.820386
line 261.848844 538.213110 306.955582 551.603552
line 340.519564 557.348689 310.610237 550.691326
line 1283.112955 582.012139 1265.637977 580.477254
line 1486.959385 629.968172 1474.358747 631.760750
line 1635.726037 692.893382 1623.984038 687.771241
line 130.652050 722.884004 91.829929 718.526558
line 1344.375320 794.327933 1316.874849 794.324473
line 220.625000 801.875000 198.125000 801.875000
line 1195.631841 810.446440 1236.869207 812.026211
line 454.411997 812.409639 376.893485 814.016653
line 1469.276742 84.182005 1437.889289 100.162023
line 176.837355 189.329497 222.712512 151.376412
line 1103.974578 272.122837 1056.553481 291.070313
line 108.798448 307.762407 119.164868 291.278972
line 700.527888 312.735966 683.173200 317.068093
line 1396.326576 380.620324 1395.926629 320.614658
line 1515.995838 428.151319 1514.135909 454.358031
line 908.005345 439.543960 923.233847 437.858389
line 906.325227 507.771442 897.091076 456.835827
line 1436.081666 520.656530 1432.370433 574.409206
line 1167.178453 601.051882 1149.329013 598.439170
line 1263.128162 599.247513 1303.134554 600.239785
line 1253.106602 608.618492 1268.128117 608.253175
line 1561.931744 627.672292 1549.316581 626.091073
line 1534.323178 662.025444 1510.782840 653.916773
line 441.984497 733.206965 429.361071 732.023590
line 389.385268 735.547777 413.212610 738.716140
line 334.384965 766.790108 320.677119 765.181002
line 1078.123971 810.395097 995.625625 810.764490
line 293.995248 300.706895 329.324992 289.221176
line 1080.761239 292.193569 1036.996829 310.909874
line 904.300308 333.241176 950.690933 334.565628
line 963.984141 390.623145 963.823947 424.378317
line 61.144133 419.348929 60.321254 481.871002
line 131.784871 504.376318 132.150438 529.370971
line 1519.459152 525.333245 1564.331486 538.275865
line 1204.433397 593.858777 1231.865161 596.961974
line 1349.396702 809.757166 1374.381078 810.381938
line 54.367003 813.457639 104.374100 813.021722
line 741.855018 194.398131 722.363547 177.559485
line 782.184729 232.857404 757.895236 204.743548
line 1331.617840 220.514935 1323.028378 240.583646
line 1181.865152 259.334561 1126.783328 272.748568
line 934.328091 277.621229 955.729253 278.966538
line 956.589198 279.974577 981.572134 283.835010
line 1058.087275 330.754442 1078.200403 336.616276
line 1466.607817 386.845346 1462.587781 423.065374
line 1321.176196 419.389646 1321.909059 391.809475
line 163.124478 418.421772 131.874574 418.366775
line 1234.134426 430.611658 1232.191675 465.642562
line 1084.208546 506.868594 1085.747412 466.879711
line 734.898392 491.732193 733.198210 470.619105
line 1445.633237 492.162769 1429.360790 492.628555
line 1635.473780 453.121595 1634.375389 501.903154
line 1399.409485 500.921675 1368.146006 504.555710
line 941.855034 545.941411 960.596462 545.540601
line 343.336155 594.912085 359.538930 588.541966
line 118.104224 769.052080 151.875276 766.879283
line 500.643828 793.380006 524.356848 791.629159
line 1149.356562 811.081243 1194.361314 810.035833
line 1547.001357 250.438562 1513.424994 227.682364
line 1070.404443 292.561137 1098.071781 281.738943
line 1330.618478 338.124978 1330.703804 313.125269
line 741.612190 470.629779 741.794801 480.671920
line 363.530405 474.364431 363.889493 488.137658
line 1349.604417 505.649182 1351.065303 491.789653
line 518.876207 500.602413 518.365265 511.885880
line 1531.838524 534.472078 1516.636390 528.760041
line 215.616382 546.682941 196.792103 547.527650
line 547.938538 556.225637 564.398050 554.609797
line 986.909422 567.103834 966.800350 570.128738
line 111.838031 572.438747 90.597402 571.045851
line 55.617126 590.093041 74.363018 589.815554
line 1583.173843 754.960915 1599.336412 756.149656
line 365.658569 770.867114 353.054249 772.614721
line 1196.862606 805.482419 1171.942255 807.648688
line 1497.919656 83.546325 1548.237188 71.077738
line 1391.107315 143.464315 1382.741772 155.355394
line 1457.063497 207.666796 1473.160463 214.288795
line 896.875000 409.375000 858.125000 409.375000
line 1630.588682 478.186413 1632.617128 438.099301
line 1562.530373 480.598209 1560.839161 518.134649
line 1069.398020 553.081265 1039.208660 537.191024
line 568.123025 719.869494 583.126190 719.830272
line 1500.632292 807.794944 1404.374044 805.668287
line 526.846242 812.084551 460.612293 813.915262
line 1116.875000 813.125000 1081.875000 813.125000
line 1031.672342 255.264834 1055.587471 241.808303
line 280.918984 304.374046 293.320393 301.455161
line 1323.280476 340.628232 1323.903755 310.641186
line 1330.511843 371.874727 1330.590179 339.374916
line 989.976735 386.868378 990.500163 335.623725
line 324.346139 403.998626 343.177115 402.554628
line 1225.521917 533.109521 1228.697503 511.960965
line 1308.578710 571.956657 1312.915125 547.862257
line 1227.623194 528.124095 1227.555530 565.621717
line 1520.615432 642.439988 1540.611530 642.160678
line 1373.058573 746.310345 1393.123201 745.575862
line 1364.481026 795.680199 1345.547350 794.000028
line 34.325288 58.932833 44.478027 57.791378
line 297.024460 76.243179 243.042554 63.473527
line 1587.558129 286.117799 1550.787829 252.944515
line 1321.833235 280.623916 1322.481512 255.640738
line 964.307886 369.389839 959.858856 349.268017
line 1515.738928 404.369535 1513.639222 360.600332
line 308.166141 396.087096 290.582938 397.652556
line 490.703543 433.121700 491.544515 453.138885
line 597.653891 488.003751 600.022400 503.218806
line 740.443367 483.061461 740.753340 494.371483
line 1475.733128 586.392877 1489.388381 584.470028
line 254.383557 667.786750 236.863147 667.343500
line 163.058801 698.349692 181.194274 703.692772
line 674.315473 781.142609 661.796576 782.160122
line 83.131268 801.797065 99.376727 803.103530
line 199.466225 806.268712 176.728670 802.847523
line 168.125618 810.552032 240.620411 811.166482
line 241.940344 63.961391 213.119763 59.408149
line 425.555349 368.127604 426.677130 398.132398
line 418.421778 363.113806 419.788883 399.359389
line 1461.721805 410.622686 1462.174948 380.629532
line 646.404917 460.233336 648.094053 474.378695
line 364.005351 489.370090 363.573516 521.880958
line 317.199914 466.874910 317.217841 531.875250
line 126.894246 557.319150 113.122248 556.990239
line 49.391775 559.780256 30.518885 560.561490
line 1613.198636 572.718804 1626.952974 571.518509
line 1342.813462 598.077161 1347.775500 565.763278
line 1559.364054 587.528880 1575.631522 587.230171
line 580.606870 713.021018 562.988625 716.092827
line 480.604907 770.185436 503.115012 769.156490
line 1524.398120 780.314676 1540.651035 781.525541
line 238.122861 815.428592 149.369774 816.395111
line 1399.375000 816.875000 1495.625000 816.875000
line 1381.998217 155.691045 1359.559559 197.553919
line 1125.599859 205.544604 1101.046513 213.222899
line 329.599879 289.429881 340.525391 287.547011
line 733.308399 327.634499 754.135710 335.421853
line 643.181504 383.125125 643.256298 349.375291
line 233.526710 509.370158 231.884320 373.124888
line 1337.704693 506.664840 1339.118041 520.650967
line 425.058163 531.802461 425.438145 541.928916
line 702.748731 557.426255 677.181433 571.194057
line 419.341986 611.997117 404.103961 607.877561
line 365.609386 765.315963 335.622777 766.831008
line 330.638524 810.214868 291.878446 810.839019
line 1136.879571 810.748794 1119.357305 811.395727
line 1448.125000 813.125000 1400.625000 813.125000
line 93.125000 815.625000 53.125000 815.625000
line 1209.368246 816.191421 1129.379619 815.237661
line 271.638215 127.432630 305.298744 115.921011
line 1081.929923 218.248080 1105.457352 207.749306
line 1089.550669 242.266618 1064.537348 253.486921
line 345.412144 285.906275 358.122465 283.113463
line 1322.640295 306.867891 1323.006591 281.891596
line 1481.007344 310.528690 1404.535164 288.811029
line 704.298830 324.572406 751.940530 342.955170
line 191.289218 340.621669 191.210985 354.378332
line 1089.375000 366.875000 1089.375000 329.375000
line 1401.043425 350.673918 1397.838029 378.091450
line 1060.559879 385.619967 1061.823173 369.274386
line 804.314561 380.516126 783.721534 391.947850
line 646.032014 455.389128 646.475932 460.860227
line 1628.696638 504.419097 1630.628566 479.375275
line 614.709379 486.778159 612.183766 510.657657
line 619.364428 586.842811 652.035083 576.112403
line 425.756269 598.476399 450.770280 602.130492
line 918.174479 708.543848 901.856864 710.471475
line 1430.675060 795.099177 1411.975544 793.318908
line 251.889015 804.040927 226.880588 802.991790
line 1389.368093 809.817754 1420.629985 810.305451
line 376.876674 813.770954 334.370073 813.653172
line 126.874977 813.185874 176.874970 813.204926
line 111.877962 58.076085 178.187615 62.090806
line 1556.730166 69.621754 1599.423128 63.458380
line 202.983370 65.354022 236.927154 70.264482
line 1475.849111 92.471921 1496.941757 84.552808
line 358.639536 105.953404 324.929092 87.132553
line 1003.321167 288.367545 1036.275493 294.784269
line 1466.554066 350.618319 1466.085336 373.134583
line 1568.318163 369.380948 1567.355657 400.639800
line 1632.421851 436.895915 1633.139759 418.125564
line 426.881710 399.374795 428.483431 451.864062
line 1340.813984 485.579680 1339.905688 506.844275
line 305.604188 602.020307 275.505500 597.709338
line 289.429686 768.480423 276.843003 770.417040
line 291.855439 789.003707 269.352044 790.189259
line 45.617994 57.439354 110.623493 58.246394
line 1599.310892 63.673200 1635.600629 60.358207
line 282.692635 129.031309 271.582151 132.045564
line 1321.885745 252.751167 1256.903501 250.883396
line 1541.862115 253.141018 1567.418917 273.698819
line 469.400780 281.145093 428.066458 283.193963
line 630.787324 301.323727 678.223231 315.291394
line 965.741436 346.871710 966.977597 390.622101
line 424.520838 398.118163 422.763855 360.641931
line 221.975876 406.867403 218.491257 360.597417
line 628.138450 402.229845 611.864451 402.846712
line 768.160156 490.080130 755.641727 490.305232
line 1026.801649 540.807627 1013.232392 535.357620
line 1348.472282 560.653785 1350.024345 541.928822
line 458.039612 611.345204 424.162297 616.805268
line 1044.331428 633.572150 1008.060420 630.037741
line 1226.651237 759.586180 1246.793680 755.247472
line 655.632847 785.700511 674.311030 783.759439
line 280.630063 811.711092 249.371276 810.745572
line 743.395674 34.947402 778.316052 48.896724
line 779.546513 49.133813 796.242498 61.006653
line 0.600780 60.200131 33.137560 58.345320
line 324.358028 86.923985 297.098676 77.479416
line 422.150162 186.726494 407.272599 159.160414
line 255.697431 313.333638 280.332169 304.781490
line 973.025246 340.439725 997.177097 327.436090
line 130.335003 323.135874 131.319688 349.395823
line 768.701293 359.354395 767.821660 388.115723
line 990.887430 415.614026 989.945981 393.101123
line 1635.754635 416.882603 1634.069913 445.607106
line 965.850015 481.991177 952.875663 480.766496
line 236.861186 528.160721 259.377737 536.867922
line 308.062983 549.590373 280.674321 541.703720
line 581.735353 623.934766 604.339905 616.764363
line 391.874511 770.056304 418.124497 770.075156
line 304.366762 803.312252 285.652985 802.488919
line 1375.611593 807.069204 1347.984379 805.161967
line 1570.631441 808.239444 1543.148146 809.786258
line 1548.151992 812.209373 1570.606575 810.396755
line 389.883521 135.138340 369.707890 114.056421
line 406.836500 158.152718 390.620361 135.628340
line 1484.448898 219.233084 1512.227621 233.697811
line 1255.570435 251.314143 1190.577540 257.637169
line 1099.231215 281.431225 1121.792762 274.121182
line 1022.643109 308.136028 1010.550104 315.502042
line 1029.626173 314.893516 1009.503828 324.640950
line 754.201275 334.938500 762.987367 335.292357
line 843.131552 370.459368 815.526407 369.367367
line 1566.762394 425.609102 1563.920676 445.737334
line 1338.481317 521.782022 1332.611453 578.201620
line 1077.740804 515.606317 1076.340142 544.409776
line 277.920424 541.187554 236.670675 526.186866
line 1031.905260 544.673958 1013.094930 546.577927
line 263.199177 764.996290 275.523502 763.524874
line 655.625000 816.875000 560.625000 816.875000
line 1423.190748 124.457504 1441.968996 109.492950
line 1360.742642 279.925581 1331.965777 275.085304
line 1087.976285 317.774979 1119.396386 304.425334
line 126.612383 346.883204 125.830910 321.868567
line 1625.158334 413.135212 1625.810277 363.127415
line 370.414133 404.384449 372.375605 448.158580
line 1460.076044 448.082334 1461.725212 426.863358
line 640.739166 483.888747 654.371410 481.850981
line 1626.678345 528.099876 1629.881156 503.029970
line 956.814986 536.222634 940.478674 534.582138
line 1465.932808 535.653620 1463.952512 556.951941
line 995.625000 806.875000 971.875000 806.875000
line 1359.760237 198.271852 1350.745262 221.920844
line 1329.726687 274.366871 1329.264648 254.377551
line 1030.453118 257.884166 1007.862411 274.007072
line 359.300858 282.742658 384.329288 277.889266
line 1450.540661 310.990425 1416.854068 303.215696
line 420.244735 295.559677 425.601117 366.876794
line 1367.505153 455.626156 1367.474836 439.373881
line 50.507584 550.614581 51.617930 538.102188
line 25.571454 550.512997 46.833197 551.513420
line 1425.440365 583.599412 1390.627814 591.886820
line 453.197219 600.356831 462.297141 602.807473
line 46.908602 808.057837 23.142272 808.732990
line 85.575848 808.825167 63.032514 810.840428
line 691.856582 25.756273 719.341669 29.612564
line 179.312493 62.397611 201.937357 65.103643
line 237.107103 322.419319 257.187134 313.857006
line 845.662521 380.317894 826.887337 378.024023
line 869.362895 380.151454 846.877587 380.726211
line 418.803662 429.405700 415.782644 373.183696
line 1174.863243 416.871579 1174.683573 456.876386
line 359.626548 525.625496 359.732444 471.878167
line 1558.711176 485.664788 1561.087476 450.656392
line 1086.679857 516.866134 1088.496089 476.891860
line 436.881588 548.218501 463.089545 546.371826
line 1418.238065 591.428608 1404.410057 593.374169
line 923.112963 663.239617 940.681745 665.084674
line 1306.873273 809.552891 1343.119855 809.904869
line 720.502865 29.862688 741.971603 35.239262
line 1405.250648 141.486068 1422.453877 124.927739
line 1133.136681 210.656873 1105.662116 220.726271
line 1351.831503 289.687420 1331.699640 286.884531
line 1040.306894 306.190966 1069.680128 292.531127
line 310.720177 304.748676 359.191068 292.402863
line 1090.625000 416.875000 1090.625000 374.375000
line 1429.340156 580.621898 1430.895737 563.149103
line 1442.194698 584.179433 1419.506404 591.058398
line 1393.182099 587.196324 1356.965094 593.632005
line 860.698127 668.697039 848.208607 667.349881
line 406.907396 734.227711 390.358251 730.587794
line 310.627658 784.314781 331.891408 785.253228
line 894.371581 802.272958 925.619274 802.541448
line 285.625000 815.625000 244.375000 815.625000
line 1113.273081 233.544941 1090.125144 241.707468
line 1209.333166 241.649018 1163.049487 250.217089
line 1161.880138 250.644192 1143.134944 255.662149
line 1322.596504 361.881906 1322.799890 340.633853
line 968.214115 407.902378 969.764114 417.225926
line 662.222686 484.353003 660.721091 460.618921
line 1478.810304 551.941166 1480.985715 529.409827
line 1415.699939 580.910565 1394.284577 586.530427
line 1423.125000 810.625000 1456.875000 810.625000
line 238.137314 70.574543 282.019259 81.283895
line 1442.983665 109.102512 1475.235472 92.374007
line 1403.283579 288.700766 1373.184619 281.621518
line 258.186152 323.297797 310.346654 304.838477
line 1566.107485 408.044096 1564.516227 423.139887
line 1171.225322 535.561586 1168.663674 561.805568
line 1275.628867 811.717408 1299.364579 812.299761
line 759.375000 815.625000 719.375000 815.625000
line 1462.875567 368.116513 1463.512798 349.388195
line 971.433420 368.160451 971.826752 386.928405
line 314.375000 515.625000 314.375000 469.375000
line 238.125000 443.125000 238.125000 503.125000
line 1017.474953 518.200426 1021.989951 524.672844
line 45.625466 554.385693 71.934451 553.238930
line 1165.645625 564.376652 1164.145613 583.106629
line 276.875000 801.875000 254.375000 801.875000
line 1139.330429 804.051019 1120.591161 806.629026
line 160.601858 808.400541 143.120187 806.932308
line 1371.425093 190.349626 1389.892852 160.176876
line 1233.120346 239.329467 1210.600089 241.631278
line 1010.657101 275.669109 1035.326844 257.715314
line 1009.297388 315.490540 993.320026 324.712875
line 1144.267377 391.872262 1144.807601 370.636005
line 878.134399 374.599748 860.612768 375.332513
line 290.514399 375.944396 304.338190 380.731302
line 973.259602 386.650088 972.036898 399.509249
line 475.752767 620.575701 455.579085 618.591922
line 436.883981 804.813216 465.621911 804.224253
line 23.145255 811.129439 46.877738 811.774204
line 1003.123398 814.488612 976.860992 814.118209
line 1270.625134 815.581845 1210.625717 815.394949
line 415.160897 355.655929 413.911335 336.905900
line 1175.832517 370.627371 1175.332614 414.371659
line 85.625000 459.375000 85.625000 435.625000
line 463.105453 801.528409 439.360482 802.867589
line 1475.625000 815.625000 1449.375000 815.625000
line 1576.874059 816.109955 1595.623989 816.146323
line 398.160092 284.638663 421.823649 281.489179
line 671.947933 306.370313 685.688675 305.025712
line 905.623390 325.616109 920.366299 322.946386
line 979.376441 361.874911 980.690581 383.120944
line 761.204668 369.374747 761.214493 391.874743
line 1205.506629 426.852045 1201.632772 446.828026
line 996.612979 504.994975 1008.847430 510.165638
line 1241.816661 775.450529 1251.190482 772.316165
line 1390.516493 159.285256 1404.082476 142.883058
line 219.675529 454.384970 220.836741 419.382024
line 1339.678519 549.407286 1336.626524 578.098569
line 1071.663068 564.823318 1047.904289 553.591887
line 545.648052 812.751186 569.384870 814.214936
line 975.500723 399.386242 977.651923 423.167793
line 387.081199 608.980375 371.237932 600.701968
line 303.140773 816.623055 286.876263 815.604821
line 331.875000 816.875000 304.375000 816.875000
line 1254.362341 245.831722 1279.373826 245.528233
line 226.811708 431.875295 226.701097 408.125810
line 103.125116 536.642605 81.875121 536.632022
line 893.120769 322.362391 904.384292 322.299904
line 226.068541 406.881574 225.966659 394.382404
line 132.229077 535.531142 131.036172 546.918075
line 1521.875000 816.875000 1556.875000 816.875000
