#ELSD# 2048 1024 texture2.pgm (width height input)
# FORMAT:
#   line <x1> <y1> <x2> <y2>
#   circle <cx> <cy> <rx> <ry> <angle_start> <angle_end>
#   eclipse <x> <y> <rx> <ry> <rotation> <angle_start> <angle_end>
line 975.993982 428.018924 984.723475 458.384173
line 1273.115869 481.060151 1288.161702 481.375857
line 1799.696063 393.924700 1812.357105 402.951995
line 735.590814 353.204335 759.710034 363.597491
line 1053.033414 495.610339 1050.239630 513.063312
line 1539.310611 457.251249 1559.385822 455.771851
line 1669.352201 866.188235 1681.962793 865.769601
line 989.305913 466.717075 1003.158628 467.593433
line 1571.968343 306.997841 1623.280512 311.247120
line 1741.687733 853.541883 1758.226020 849.824421
line 1549.337646 864.935867 1668.114460 867.385971
line 1683.049052 865.714795 1730.672284 862.597330
line 979.465928 434.634418 1001.891712 436.692938
line 820.548091 389.510069 768.002350 359.590401
line 1049.036389 501.854251 1049.871107 488.231995
line 1119.340019 451.932886 1129.487851 447.112576
line 710.783398 329.054613 804.990423 375.630203
line 935.938120 316.748721 945.575326 340.645033
line 1025.244740 840.462472 1136.994262 858.641894
line 1399.264424 468.346965 1412.990078 466.870621
line 1232.484060 384.512632 1249.009546 374.990746
line 1097.344928 447.760133 1115.826166 453.138199
line 994.462206 426.281609 987.625062 425.276805
line 826.312158 376.961496 754.330822 334.449802
line 1320.504870 431.303596 1333.576460 439.412284
line 1344.870006 441.577947 1364.710856 437.119675
line 1039.980664 515.799534 1041.295461 501.820492
line 1840.617514 824.429999 1906.831787 833.442482
line 948.129448 342.769849 996.887455 343.380457
line 760.753735 362.765600 772.394402 366.935233
line 761.004162 349.786372 719.716636 331.119373
line 1118.953123 494.430052 1116.046485 538.153020
line 1810.922778 395.894788 1804.764155 386.170176
line 740.433612 348.457923 719.060902 336.171381
line 756.914919 336.787764 709.598791 315.135946
line 735.210611 356.469698 753.997176 395.201963
line 925.585659 855.164675 1021.880135 846.935079
line 1136.711923 858.215484 1230.640518 864.128501
line 1731.770830 861.968237 1764.456032 859.024825
line 947.049540 334.304055 939.881460 316.669139
line 1113.123929 494.390509 1090.558891 492.832423
line 1424.356417 549.184459 1447.006704 546.975421
line 1114.010683 518.135891 1113.373789 496.830197
line 793.101608 854.419230 924.374989 855.626166
line 1828.112633 415.618789 1843.625556 431.363415
line 922.339971 561.920696 927.376286 510.674265
line 615.374882 829.654446 736.851272 849.520094
line 1143.142278 484.072333 1158.164680 484.929900
line 719.920092 347.238505 737.853541 382.014985
line 1835.007222 445.291950 1831.828819 463.116765
line 1467.931436 641.635276 1490.696763 638.677308
line 770.561794 364.490090 785.250504 372.556912
line 923.036272 526.865291 917.150445 580.655140
line 1765.450964 859.508230 1841.794888 847.610926
line 815.948127 380.040615 760.063700 349.140127
line 1842.287575 845.626875 1842.242771 825.621377
line 737.961862 848.784666 791.958508 853.397475
line 1109.700823 555.768085 1113.118865 518.124443
line 1116.603244 551.699033 1114.201973 589.522730
line 1449.667718 701.192824 1381.792263 672.067817
line 988.001441 520.391251 1013.086557 523.441185
line 2009.321481 399.072785 1873.136438 423.189589
line 506.838869 830.249522 577.150087 823.483770
line 897.899782 571.983202 902.798153 525.590490
line 1450.405969 853.831393 1545.750298 864.505833
line 1231.868387 864.073267 1326.904924 861.990279
line 323.109329 494.706987 528.065683 504.381632
line 1206.437131 564.352155 1207.022474 553.132694
line 1484.511538 711.431390 1464.133597 705.159317
line 904.353688 523.870563 921.875102 524.371424
line 1044.541287 553.031174 1047.352735 520.558139
line 977.440841 599.300001 972.642424 643.072099
line 356.873970 438.076263 436.891066 436.385247
line 1637.957511 312.048111 1663.363556 278.606590
line 995.913044 534.548893 997.200483 523.161799
line 856.143284 588.459145 863.251608 524.250633
line 1462.367222 704.356996 1450.583952 700.759446
line 1832.464521 464.361513 1833.380497 504.397753
line 766.756237 359.694105 752.635994 354.438917
line 1578.948884 501.813723 1615.985088 476.144545
line 935.330209 555.719537 939.421619 514.379614
line 1784.305941 395.416012 1791.812393 392.935538
line 1506.898515 566.500670 1526.898116 567.757021
line 973.705646 681.187033 977.515150 691.323942
line 1811.602776 408.024957 1821.338744 503.179868
line 906.023918 526.917683 901.471455 569.465568
line 1191.657543 381.285239 1206.675252 386.231474
line 1444.608752 634.797231 1467.585470 641.285594
line 1794.081198 385.873804 1807.754206 381.861439
line 1775.411839 397.573102 1783.446115 394.470007
line 1067.036581 497.088410 1055.672997 495.317082
line 929.924904 511.926644 927.808452 534.462664
line 1110.643978 499.566082 1089.356010 499.184555
line 864.352461 522.715781 895.613505 523.553797
line 1749.207351 847.491649 1739.243717 850.129035
line 896.903041 525.500270 891.913811 574.378962
line 1116.691183 538.115641 1116.593167 553.131320
line 1053.420259 554.384586 1053.825662 541.897748
line 1670.621177 830.618872 1646.451029 845.698948
line 1108.514783 433.396779 1102.418569 446.547524
line 1471.883405 628.170858 1445.599913 632.988124
line 1421.972314 849.662395 1449.569374 852.452301
line 1218.532223 543.196194 1219.065310 549.506755
line 1586.051993 828.426619 1592.993773 822.402523
line 903.116406 646.874052 908.093572 601.733710
line 1305.675121 676.419822 1219.452683 681.856913
line 1191.908212 570.715731 1203.184767 571.038792
line 355.532750 473.129326 355.658887 439.375127
line 725.030251 699.450650 729.795786 658.173581
line 1328.132505 861.943509 1422.123889 851.646966
line 832.667593 401.821620 824.795341 469.278178
line 1119.950920 440.283283 1112.780448 436.235334
line 1842.974040 431.799329 1836.209338 445.294496
line 1014.055904 524.299769 1013.033663 545.620621
line 1926.875957 692.106842 2045.634253 691.616655
line 1646.694784 845.613533 1670.596132 865.883015
line 1736.552465 414.949664 1760.798097 403.370141
line 325.589627 620.651041 323.080933 496.825243
line 941.640607 514.351899 937.566204 555.693122
line 1123.562006 443.539125 1121.365608 437.516651
line 1812.675666 369.843806 1824.123627 372.836558
line 434.397679 475.312967 356.877723 474.187459
line 838.898094 396.821899 830.389543 473.237964
line 965.725874 530.655495 969.502267 518.163473
line 1824.190753 376.715206 1825.739588 387.045238
line 966.930373 597.785451 932.042794 592.096076
line 0.584486 690.294661 56.907134 683.387009
line 701.011706 705.851190 703.648070 686.774539
line 1112.298540 452.388332 1119.428410 449.088580
line 1016.872099 520.656173 985.544433 517.740729
line 704.295924 681.863881 706.929783 663.132703
line 2018.620942 795.181843 2008.989114 816.024328
line 1715.382014 426.393197 1725.364617 421.358701
line 1044.178996 569.426726 1039.844210 553.001173
line 1831.797098 503.016698 1822.550685 402.947067
line 741.060927 655.532369 736.503696 695.582750
line 731.194895 331.981094 785.236547 358.904712
line 804.925037 376.749849 837.885325 397.260160
line 1060.567672 607.795116 1074.387968 607.515143
line 1766.783556 854.205496 1797.855625 837.442720
line 1725.248744 422.378354 1736.732155 416.591537
line 1490.366449 575.511362 1493.736287 567.844273
line 910.730429 587.919219 913.716155 553.175802
line 1251.042289 574.211738 1247.127407 594.179411
line 1775.264687 393.372084 1792.752867 387.089183
line -0.140617 815.442211 4.081783 797.756561
line 1623.432814 311.696482 1635.769885 313.114252
line 718.261474 335.170794 630.772714 308.883385
line 950.576997 516.869925 946.875918 551.875097
line 1045.655578 593.110880 1051.511617 605.792797
line 969.185890 533.125865 980.738822 531.376833
line 1050.982883 543.149190 1048.863158 574.509385
line 2045.694331 797.021436 2019.312864 795.364033
line 808.306522 464.923764 795.378508 461.577220
line 1013.568478 568.051346 1017.788245 521.844247
line 1161.929167 570.002016 1175.683867 571.197958
line 1933.149103 570.272972 1941.943461 570.875103
circle 973.529379 318.264945 -8.052817 -8.052817 0.000000 3.493201 9.478487
line 832.032051 397.900245 820.951601 390.157603
line 1154.336405 584.689689 1175.875642 587.331351
line 579.355690 822.356650 591.879195 822.041917
line 751.759030 354.728436 744.617737 352.385223
line 1051.767389 516.774565 1050.091511 539.428007
line 27.614411 584.566373 7.178470 530.042746
line 1153.522975 574.628319 1157.204857 550.675704
line 1111.398250 606.338030 1099.872178 598.631416
line 1216.152464 396.219438 1233.169786 383.771779
line 1448.125073 553.971137 1418.124847 553.965694
line 1911.711546 799.156901 1881.866383 794.429400
line 981.872208 527.187026 969.372319 527.224227
line 1011.911125 536.555379 996.005590 534.757669
line 867.441829 525.686671 861.320321 581.950651
line 1524.277892 562.389141 1540.736144 560.217227
line 893.504024 575.338526 863.265953 587.233320
line 972.640980 667.075277 977.788039 679.514428
line 1493.244797 712.537136 1483.376238 710.526083
line 945.075258 551.941030 948.390532 516.782170
line 1962.200240 559.466659 1949.374224 550.626126
line 1091.904151 584.703738 1074.430708 586.253216
line 41.381821 618.338332 28.480035 588.512131
line 350.174371 623.562128 450.685142 638.983001
line 1183.733434 623.037064 1181.164765 641.777652
line 1763.142296 400.677538 1775.519898 396.602751
line 1056.699283 487.414194 1066.952993 486.495312
line 956.715226 512.415541 1020.514929 518.108538
line 1037.128075 600.699388 1042.598753 582.087739
line 794.848336 461.193208 781.900560 458.020685
line 1290.661892 520.041882 1310.669811 518.935030
line 1484.379848 562.090735 1500.733954 561.723207
line 1644.637584 855.277004 1624.480128 857.736580
line 823.197711 470.423090 808.635348 465.178910
line 1308.101736 536.355089 1289.333382 537.194906
line 1306.880087 628.671549 1255.632767 628.300944
line 1422.573175 652.105107 1356.634084 627.521185
line 1447.656964 717.256114 1461.967851 709.547373
line 1434.566236 712.178182 1448.350987 703.483276
line 247.926737 139.911075 304.338890 124.244972
line 2033.653703 494.286121 2035.391640 504.624364
line 1344.301374 594.779251 1323.103205 596.624644
line 331.993136 618.819924 349.752836 622.599688
line 451.781400 638.414140 513.184400 642.148244
line 1806.235567 372.393396 1813.282364 369.960378
line 1061.773692 575.938688 1058.002612 559.693581
line 13.740404 573.542882 22.898798 587.450828
line 1715.717654 804.641521 1695.935661 811.518617
line 393.132855 832.355849 505.643671 830.517987
line 717.334746 339.802779 729.519788 346.616058
line 1218.157999 628.601677 1188.159283 627.321584
line 1493.141020 647.883510 1504.341728 648.626550
line 754.383751 670.647393 739.676009 676.395231
line 1657.192432 277.133449 1638.089460 300.596064
line 1102.183005 562.532352 1095.866122 577.504133
line 1673.461998 768.291549 1689.404459 764.498828
line 329.690101 503.121483 330.973623 618.107155
line 434.104790 643.376264 324.287627 623.610436
line 2010.626678 816.851652 2045.714966 819.372967
line 1793.018672 379.058785 1806.504809 374.524063
line 1089.359881 603.745776 1065.623585 604.316108
line 1380.723213 671.129616 1349.207335 677.263545
line 1235.626870 806.706113 1198.117628 806.290842
line 437.234433 438.063988 436.200023 474.355761
line 18.649312 548.839812 40.704429 609.798518
line 1451.716241 588.055102 1471.875190 589.372089
line 1498.086216 592.609403 1513.188815 591.473363
line 719.497182 660.477977 714.084345 702.000061
line 1705.387152 432.697949 1715.145040 427.263243
line 818.303164 575.644715 824.391254 520.626799
line 1541.229055 560.095491 1567.586402 583.725755
line 705.562695 661.600891 717.070516 658.985171
line 1737.108178 826.169811 1714.022152 836.050586
line 374.340067 830.202264 386.923197 830.733612
line 1359.438129 436.007110 1354.701667 414.424946
line 530.144710 505.674978 520.338972 656.694102
line 943.347887 818.863494 935.812927 816.473724
line 1619.499950 305.016568 1574.284132 301.976516
line 961.116041 516.930253 952.565355 592.921375
line 1975.710024 628.921840 1965.558843 630.004984
line 1991.429750 647.502101 1975.992522 627.558062
line 586.885861 421.988739 593.220060 351.770815
line 1.074760 515.366161 19.790125 547.886094
line 785.252457 373.785762 805.362311 385.123852
line 820.305694 396.213193 832.139703 402.637390
line 1055.872645 539.881772 1069.277785 521.802917
line 736.280765 696.684136 726.412643 700.753907
line 807.531343 749.487778 812.264470 721.941922
line 1683.225442 748.211305 1698.141174 747.090179
line 1420.248144 752.443969 1345.674505 703.050258
line 1708.675255 834.335057 1747.379664 816.734797
line 919.370782 527.266715 906.872231 527.132128
line 1473.133303 589.331591 1498.173540 594.121233
line 1210.496008 500.390722 1176.051520 496.016442
line 729.679344 657.699488 739.698410 654.001139
line 245.968908 771.152957 233.762714 779.103999
line 932.757917 589.118971 947.348751 576.158340
line 1190.635797 583.365728 1201.884509 583.486060
line 1290.714527 588.379302 1323.248081 586.443103
line 1961.130990 623.651426 1943.505176 598.740446
line 1435.514845 747.527443 1420.784971 750.242790
line 1960.589435 479.135555 1931.915034 483.394536
line 1021.337265 519.319915 1011.463164 615.710860
line 1099.281242 531.329361 1103.569038 540.415455
line 927.554146 535.452493 925.162250 560.699584
line 134.331678 830.323988 195.748740 821.484778
line 339.286607 745.966378 370.999720 754.177803
line 1175.896405 500.229322 1121.763397 491.301710
line 981.327109 540.897280 966.713329 549.086495
line 741.399544 671.987528 753.200208 667.054926
line 1788.393555 847.446140 1770.692795 855.769180
line 1099.266975 596.837862 1103.122186 585.624032
line 15.275894 602.686767 2.215148 617.181497
line 1319.386533 683.260158 1235.712494 690.400326
line 853.995730 689.577869 882.185206 696.936695
line 714.477372 703.446507 702.817471 707.159186
line 116.661695 781.643633 118.640463 790.509960
line 591.143555 820.052264 614.674777 816.211779
line 1855.340155 825.518746 1864.877565 817.470558
line 1803.335030 378.654293 1793.409811 382.592747
line 1179.393487 659.493050 1163.150328 662.036738
line 1886.808006 686.304725 1934.217072 690.977357
line 1450.363892 706.442935 1438.441152 713.648148
line 1205.934660 384.904336 1213.402080 388.850702
line 743.297247 463.544344 705.603623 455.728088
line 982.718756 553.214205 985.910672 523.023048
line 519.426182 648.597163 434.383140 643.001286
line 898.426793 689.304309 882.813864 685.736576
line 1263.073813 796.097199 1239.344322 797.658848
line 1412.267084 603.154776 1413.060953 559.373839
line 1222.045038 594.099365 1243.171917 596.454044
line 1925.653954 649.015503 1904.340857 647.298927
line 1369.162581 665.656110 1338.989755 670.914414
line 829.448291 520.485179 826.759767 543.111308
line 1493.120905 586.112050 1473.121481 586.219399
line 984.954002 647.198605 976.248429 662.774808
line 1384.374421 543.343825 1408.124255 543.406667
line 1380.781269 600.629426 1381.843613 563.124111
line 1694.523464 435.912367 1705.984845 429.991024
line 1951.132108 582.231611 1964.069789 570.202344
line 2006.751523 627.588524 2042.176507 619.434965
line 1115.682733 680.475727 1113.574310 644.348778
line 392.832062 829.922362 414.538557 791.968541
line 1316.862345 803.071048 1345.502591 796.353139
line 1433.088889 476.529302 1230.449694 497.696774
line 1360.679074 704.288314 1403.623099 731.076499
line 1317.718475 786.603493 1403.601095 763.656890
line 1067.998219 487.149714 1114.343540 491.003354
line 2043.382987 619.338828 2045.493766 634.393400
line 911.445704 636.951028 909.483260 658.135029
line 1908.024579 833.604620 2014.351607 839.777913
line 1105.116817 510.581230 1103.815957 525.684513
line 1453.109772 552.636410 1462.419784 576.164818
line 1043.081357 581.876815 1042.607715 570.490527
line 1273.226088 808.894263 1315.650532 803.319296
line 673.112149 446.938529 795.897731 471.776780
line 1175.349043 559.009878 1185.126889 551.619832
line 1383.094195 569.160803 1406.860349 569.867620
line 513.600648 640.576319 521.619084 513.030328
line 1288.874512 535.687750 1289.346021 520.663319
line 966.696975 545.733436 967.961268 533.234882
line 1235.697804 561.840718 1241.904739 575.022402
line 2020.386087 596.987919 2034.309338 594.062489
line 862.940988 582.605990 888.298892 573.615465
line 1566.363270 584.577382 1585.233367 632.291172
line 1523.135536 637.963115 1493.181067 636.013546
line 326.417774 757.662308 338.249397 745.748539
line 271.829648 822.395244 373.181184 831.230494
line 1995.699178 503.327491 2015.755203 495.980430
line 1529.557928 656.264259 1513.614992 651.489065
line 73.297406 695.665598 0.592011 705.378054
line 1463.572199 722.051800 1473.379638 714.715405
line 665.525604 805.323957 734.960547 782.398460
line 683.036141 328.375279 710.610693 338.165297
line 1414.373790 560.225754 1440.627337 560.146210
line 856.341702 662.429745 869.040578 652.689017
line 1691.184875 762.584366 1681.031886 752.706770
line 1635.096834 726.076306 1671.474416 768.649193
line 781.356521 458.245507 759.241331 453.788209
line 950.206811 571.982930 954.436756 539.383013
line 2018.308536 644.181893 1991.984108 648.753298
line 916.966072 665.062344 891.815680 660.991491
line 1370.962865 804.747296 1287.201295 822.191745
line 1275.540798 830.224882 1380.622119 808.111308
line 1028.553155 483.139300 977.928767 477.337151
line 910.002464 569.411643 896.456828 576.017519
line 1121.980531 705.654407 1128.015767 683.996238
line 980.681786 561.330774 985.790342 550.130286
line 1008.818903 571.956688 1010.449628 558.104355
line 1409.115497 559.364002 1408.002707 585.619817
line 1498.064430 633.508873 1471.874770 629.376460
line 931.766692 639.937774 912.990435 636.324209
line 1399.672145 659.292493 1421.998463 653.610090
line 1180.598750 670.601077 1261.879370 671.462774
line 1404.000188 731.311957 1420.726895 740.438247
line 1920.689097 386.110822 2020.599172 372.929236
line 810.609073 389.403063 820.319215 394.913805
line 1868.312347 410.240106 1884.351538 406.766661
line 2028.065651 601.512355 2010.623664 604.366835
line 1344.591149 691.587447 1360.377730 703.453955
line 205.473473 811.588206 271.658665 822.000168
line 133.172370 800.928199 171.206612 823.390172
line 45.204957 372.005710 70.347587 693.244547
circle 1047.357900 757.467664 -2.482584 -2.482584 0.000000 4.664499 10.700507
line 118.820020 789.940835 131.452121 802.330600
line 953.491107 531.754608 956.021230 513.178969
line 1376.140385 574.458533 1377.267243 550.643560
line 1368.193047 653.131101 1367.071266 665.642597
line 614.708517 814.812661 664.731141 804.927141
line 1787.058795 384.767164 1715.191114 418.449214
line 916.692071 606.875029 968.300263 614.427356
line 1440.594412 641.905490 1461.862136 642.413521
line 1338.274618 671.608787 1320.170427 661.433816
line 1128.153102 682.975224 1115.625071 680.624619
line 940.625520 696.789373 923.118578 696.683111
line 1438.041090 741.680829 1453.411720 735.038481
line 1984.365215 445.078920 1994.951299 469.121249
line 1581.809239 468.261091 1434.306762 476.969146
line 1936.262562 596.701010 1932.741204 583.797490
line 1481.692909 725.290814 1498.862927 715.935209
line 1881.455413 795.179777 1867.905020 809.161811
line 1520.304956 561.848204 1523.024551 529.366590
line 1322.031150 586.365585 1344.355308 588.346877
line 1408.345770 585.726012 1407.155382 603.058407
line 1128.245061 675.772831 1130.154758 658.074260
line 1307.818293 810.365414 1343.381979 803.139825
line 1763.123764 391.275768 1789.031253 381.007688
line 276.789301 440.662243 277.351066 423.100244
line 705.875394 455.310695 586.970568 436.277947
line 1258.624051 621.899162 1259.351503 606.873862
line 41.804704 609.970486 50.521790 625.682262
line 1234.351137 629.729149 1219.251242 628.711713
line 2045.656735 705.329216 1980.645499 707.491371
line 1795.225104 788.130430 1825.079215 767.914982
line 1202.756116 376.414035 1189.522961 378.062653
line 1514.402202 596.465142 1498.128789 596.992032
line 326.235708 778.583182 306.650779 794.395515
line 291.771006 420.629739 292.571929 438.207158
line 313.296152 503.137432 312.229917 410.606507
line 828.000967 482.412343 744.378466 463.109984
line 1475.649340 513.403707 1509.468899 510.450207
line 1464.427219 582.385005 1488.184135 579.952549
line 1439.378736 605.532849 1413.121216 604.468342
line 735.669672 781.962629 794.945657 751.744400
line 351.434535 753.945428 326.901935 778.152298
line 1717.339494 859.270979 1705.004654 855.039533
line 1021.867083 473.218646 961.978111 468.155387
line 520.506041 512.843055 331.762621 502.720368
line 1007.507419 620.696559 1012.893181 573.098769
line 1270.637092 604.448934 1283.408780 602.360143
line 1293.143807 631.064215 1318.154624 630.785754
line 1162.690824 661.726161 1173.191432 677.233600
line 1552.514302 688.973097 1515.579594 716.814764
line 1609.416938 847.604161 1595.555508 846.488049
line 1962.518657 450.661561 1963.804399 471.984778
line 1929.368583 486.384979 1884.343567 486.974565
line 584.686342 505.555437 581.796166 544.554430
circle 1969.776329 621.159529 -2.244552 -2.244552 0.000000 3.726008 9.458166
line 1865.713140 810.311725 1774.312757 784.596231
line 595.814965 404.392436 604.193546 313.108345
line 2020.734626 373.913476 2045.729561 372.569291
line 276.854723 421.761550 289.617267 419.480475
line 1214.609163 503.800161 1208.176566 501.179822
line 904.634227 675.401675 883.954804 671.763199
line 1697.049871 747.327200 1751.274338 781.575999
line 1991.308058 465.954917 1982.161604 446.738584
line 1496.966949 585.225714 1515.633982 583.208102
line 969.473569 636.893073 973.849299 613.028609
line 1135.002133 657.281904 1142.022656 668.028540
line 1344.023769 803.129015 1386.659473 791.110423
line 1851.814261 819.672004 1839.325316 817.117950
line 0.603778 372.403906 45.638932 371.919028
line 1950.408335 516.666392 1962.667118 503.934144
line 1379.373606 555.835154 1406.880686 556.017555
line 1104.601035 644.178584 1087.024953 645.903206
line 1705.320904 854.806544 1671.339573 830.860945
line 805.254910 387.827305 814.250857 414.417001
line 1939.621777 539.726767 1956.235277 521.171411
line 966.184428 582.574336 981.154652 563.800593
line 1520.661433 626.649430 1498.143193 623.012359
line 1120.736429 661.791818 1121.582715 675.642858
line 800.004262 724.461842 802.082380 709.403620
line 937.630528 513.202265 933.037353 558.116037
line 1721.116639 797.073727 1678.060592 811.685207
line 1674.370654 811.862911 1664.321381 815.475862
line 784.037139 343.765444 747.941233 324.723346
line 761.452005 334.275629 834.555972 379.079720
line 1814.485614 475.599768 1809.840031 455.233793
line 1598.321295 457.303655 1585.111577 474.250443
line 1998.260505 499.346544 1991.406947 466.710790
line 1315.591101 523.451732 1348.139014 522.256686
line 1903.123826 640.319706 1915.628448 640.271618
line 1313.327251 665.390007 1344.875939 692.542966
line 1761.985901 784.629236 1716.258044 804.576233
line 1270.617911 815.574496 1307.027838 810.463877
line 721.041931 443.162533 722.848012 423.100065
line 893.125737 526.550987 869.373017 526.496971
line 1443.050999 561.809987 1442.062265 581.945575
line 1246.752902 576.698484 1250.590180 546.870520
line 1294.296940 605.620649 1294.786988 596.828293
line 1332.798352 600.314972 1353.696565 607.577283
line 1137.447502 639.338039 1138.336702 653.111333
line 916.837943 660.876867 925.582561 662.163451
line 1888.096749 829.351740 1911.799540 800.562871
line 936.667218 814.859912 928.948927 819.496538
line 587.249123 330.667876 592.420441 285.544255
line 1814.398573 401.874343 1814.610268 409.472920
line 889.421505 572.010464 894.010821 528.086949
line 1120.596025 583.803640 1143.164765 582.659121
line 1231.608184 614.097396 1246.833797 618.275162
line 53.316655 635.915949 41.218637 617.730087
line 1936.690125 448.674328 1956.981735 446.751186
line 353.106085 485.017125 443.101636 487.668140
line 1412.839850 764.919385 1454.812497 747.957606
line 1386.914917 790.750563 1411.785663 782.843984
line 724.854348 421.870541 725.052089 443.130329
line 1207.165951 534.514652 1208.085204 524.371393
line 1510.630457 533.247436 1480.634333 534.584392
line 1448.531731 579.380772 1448.394787 559.373153
line 1249.281758 722.584766 1277.486410 775.962430
line 1576.874878 403.089121 1554.375138 403.165609
line 1347.769516 408.165406 1334.144368 420.367470
line 1994.419990 469.102220 2000.537312 498.143471
line 1300.512875 563.120998 1301.361028 539.356656
line 1348.169923 567.284315 1303.098235 564.875874
line 1443.052327 623.122222 1444.199128 593.118278
line 926.165630 661.279513 933.574861 652.453316
line 1132.019244 699.236625 1121.307102 712.672217
line 1517.364602 740.173915 1535.153915 725.070153
line 317.038058 753.096780 328.264821 754.528937
line 1239.363178 741.312262 1267.998834 804.318563
line 1588.206341 778.364620 1637.605799 761.595506
line 1884.760239 394.960870 1922.629643 387.014358
line 57.441134 681.931189 35.764713 418.113521
line 1414.410481 684.375684 1414.892926 659.360881
line 881.896663 685.493698 866.491079 682.951969
line 1154.158461 684.385083 1155.383488 710.694448
line 1949.305346 706.293190 1888.198159 699.923193
line 1544.540784 712.621388 1490.492589 750.950904
line 1230.670392 833.666064 1274.427028 829.995164
line 1677.843235 842.587857 1661.500323 851.160734
line 1633.210024 308.725787 1614.615252 306.290523
line 882.879617 680.559722 909.291085 686.030144
line 65.791471 693.180294 0.576849 701.497446
line 1289.141432 790.177249 1317.143257 786.324897
line 224.183979 150.062829 239.916019 144.717204
line 574.499875 217.781159 496.888677 211.700439
line 827.233911 471.917923 835.610789 401.873300
line 1004.205460 465.360282 990.433065 462.990427
line 1049.444453 476.118991 1021.946857 473.592826
line 1898.096114 480.650036 1897.581000 454.336709
line 6.679211 597.991316 13.905529 587.407945
line 1957.692003 597.907880 1982.966431 608.503253
line 1152.571143 616.898074 1153.525771 588.096852
line 1114.036890 640.732971 1136.765169 634.004024
line 1503.473280 661.458755 1491.671789 666.388529
line 1420.092904 656.863737 1419.484074 685.627309
line 890.148719 699.155866 902.926709 695.013352
line 796.694209 472.623921 828.219352 480.234150
line 933.795993 535.682746 935.522931 515.616216
line 861.996596 661.334849 920.858971 674.585660
line 1360.544157 722.030288 1330.797317 706.544005
line 628.255998 303.954233 709.776876 329.334167
line 1333.012593 436.157301 1340.109980 442.271886
line 961.724593 468.423902 895.561090 391.930279
line 1378.064441 607.982912 1438.158197 611.267660
line 1169.991403 676.770708 1172.357445 690.754866
line 3.227718 530.568744 4.375871 558.176948
line 394.315628 745.106360 414.339410 742.814108
line 845.887987 391.502027 826.300047 377.690411
line 30.635168 385.926788 0.585049 386.939236
line 1994.542920 527.856804 1980.927374 512.850647
line 1218.149180 535.994046 1208.156709 535.719773
line 1320.664590 633.058928 1348.432856 649.697365
line 881.629253 652.780578 896.858831 654.516827
line 1719.754803 843.204904 1705.815442 834.083951
line 240.447668 142.488584 255.958419 146.971339
line 1229.253853 510.813498 1212.166452 502.468637
line 1125.607900 724.761647 1133.886474 698.363804
line 1507.296893 746.339475 1516.732941 740.767549
line 1185.161125 790.798648 1179.845112 738.330667
line 214.816806 155.180139 223.650559 150.332768
line 71.074620 148.001873 132.241593 158.486261
line 1686.841912 429.391577 1758.372443 392.434545
line 1638.974254 404.157263 1592.621945 456.289135
line 1349.631471 524.335698 1347.950926 566.818666
line 1445.619880 628.103785 1462.115740 624.122459
line 1157.020531 638.151637 1146.867481 639.309041
line 891.752420 659.906290 880.797189 657.378692
line 279.334124 718.521758 296.885365 718.957422
line 1497.771000 739.381923 1540.131005 709.185537
line 1278.154522 776.008772 1287.680457 790.079711
line 1750.050643 841.920536 1763.709735 849.582597
line 1806.981352 429.498586 1804.668239 408.093312
line 1900.906529 445.874924 1912.000319 443.792670
line 964.564642 550.614393 964.501489 564.369842
line 1415.619532 569.763523 1440.626459 569.604788
line 1518.132047 575.658439 1489.343526 581.725660
line 1414.377674 589.252263 1441.864627 589.851116
line 379.283178 745.925720 394.452041 746.823909
line 390.350373 780.444763 376.463153 801.604706
line 809.164484 315.941509 770.194689 290.021968
line 604.372119 419.407965 593.098976 418.422783
line 1074.542336 478.834233 1050.534745 476.590867
line 960.247727 482.613275 950.053382 465.227229
line 1981.788706 503.980865 1994.500388 501.197690
line 1348.132522 613.184768 1366.899899 610.822839
line 1315.620903 619.283081 1356.955929 617.440856
line 1135.644837 633.036963 1111.880423 633.442674
line 1064.289522 646.253408 1048.000842 644.037777
line 1141.130882 655.643458 1141.679103 640.617853
line 883.218516 670.256891 860.591076 664.508538
line 918.082969 678.430761 904.587977 676.575677
line 1138.536919 697.896417 1130.949905 725.713616
line 1525.655957 750.362281 1509.382762 750.872540
line 398.791083 787.211693 406.610964 771.741535
line 959.586715 312.213584 953.299767 319.375674
line 660.708643 435.051300 588.111587 424.467001
line 1229.488727 498.550753 1210.581267 495.941955
line 1085.629838 515.210420 1103.127455 515.414603
line 1510.042155 510.802370 1512.091102 531.975054
line 1526.109899 529.303565 1523.300694 559.391404
line 965.126248 565.576875 963.310672 584.392916
line 1132.540985 590.324246 1152.941397 584.146503
line 824.286832 685.522517 835.178130 676.152609
line 1981.828365 703.862630 1904.322054 698.962440
line 812.691193 723.000680 818.367248 703.194423
line 1535.728598 724.503916 1548.966094 713.866163
line 369.740466 776.284525 353.152147 754.036782
line 1177.706206 802.451926 1185.820763 790.760876
line 414.279342 215.003581 350.689242 224.792334
line 605.843305 270.898026 580.436013 265.220771
line 1334.616708 420.043068 1329.953787 430.454758
line 586.869559 434.411597 672.031421 447.072890
line 1358.132218 616.903729 1374.598978 612.766453
line 921.231446 692.010612 924.131671 679.041065
line 176.356550 714.498849 181.844716 682.081494
line 958.371465 679.065089 954.375085 708.125012
line 264.818785 733.934442 253.534188 740.121339
line 1810.596687 775.703668 1793.112116 769.410798
line 1745.663615 828.714650 1735.770538 828.136144
line 474.365562 211.722856 415.531791 215.372385
line 771.875143 291.874752 749.579452 279.020381
line 0.587421 383.377210 31.934191 382.196634
line 1213.123260 388.390554 1217.389814 391.048670
line 1720.948711 418.814283 1735.162041 412.139214
line 737.875898 425.620965 737.552006 445.615718
line 1079.354317 529.799127 1096.934424 530.656433
line 1477.168732 602.415990 1479.137269 592.819810
line 1017.634671 614.751633 1020.930308 597.166480
line 1186.871310 630.764661 1235.620311 632.052498
line 940.524147 662.509765 971.779558 667.475707
line 925.428432 679.457609 932.727375 666.841291
line 1144.535475 712.116728 1141.246341 697.291809
line 1532.219514 791.997283 1526.636662 750.657187
line 1203.059486 763.556134 1244.444610 760.245062
line 1356.882169 793.147911 1400.649405 779.452994
line 303.165147 810.506369 328.253083 818.996521
line 1193.702401 818.552280 1179.871578 837.242470
line 770.397500 373.220259 781.427496 399.562379
line 871.829519 403.518985 858.243547 391.569084
line 1680.290047 443.834826 1694.357141 435.112058
line 877.736461 655.198384 889.486326 644.497236
line 2045.656555 701.617414 1983.140267 703.605172
line 1354.433771 711.791431 1394.137125 739.713246
line 1239.549014 698.051071 1249.625264 721.768677
line 243.383149 730.864954 261.665643 712.911802
line 1456.129208 747.781747 1488.386246 729.844814
line 1241.827226 811.315739 1270.580964 808.859495
line 648.484745 232.549920 575.612970 218.186030
circle 1616.582679 283.496468 -9.495777 -9.495777 0.000000 4.254394 9.987238
line 1960.547141 391.065606 2045.720939 382.872346
line 1814.216367 391.613352 1817.038643 403.385446
line 695.936258 436.480497 604.644424 419.201525
line 1941.885138 438.271129 1953.253858 437.482437
line 735.714740 450.179072 678.035158 438.571435
line 1482.015350 619.997228 1463.359442 615.826361
line 1145.261462 640.522019 1146.584265 651.908775
line 1504.705998 647.680816 1522.945753 640.188623
line 1497.043332 653.415288 1505.261999 658.690543
line 1374.238135 666.355789 1398.601723 659.933495
line 1340.487532 697.032621 1318.420076 677.786665
line 868.382289 715.975536 854.350200 711.961698
line 1384.387414 806.906943 1405.139445 798.842006
line 176.858717 817.664328 191.225345 795.209353
line 0.658795 839.952635 118.195273 833.076145
line 654.824288 341.547361 640.095344 321.349697
line 1704.770527 342.204999 1638.612974 403.650396
line 711.298310 418.117966 711.533466 440.628568
line 1341.595053 443.898742 1345.800534 441.426740
line 1176.961526 491.170998 1075.553421 478.707390
line 918.932559 549.432847 920.370657 529.356781
line 1078.058917 606.597927 1094.440518 605.889025
line 964.684597 691.964334 963.367740 678.101941
line 1980.660370 707.171973 1948.158746 705.965723
line 2015.619226 839.011472 2045.626095 839.206909
line 1613.309245 483.713000 1658.302988 496.235481
line 1586.897667 570.488367 1580.046043 506.668758
line 2018.770252 545.655975 2020.887351 586.989612
line 1225.787298 570.990645 1235.912521 577.690480
line 1375.130518 610.655308 1376.338088 580.553316
line 1354.197981 652.825019 1368.193708 651.226603
line 1539.974016 708.585851 1560.465684 691.681871
line 1374.065802 690.182067 1446.891278 718.082511
line 1412.189822 757.082574 1359.910560 723.540273
line 1194.138231 731.596953 1202.406948 761.729025
line 315.493372 786.157491 291.655042 780.264821
line 1332.086053 795.343836 1302.818815 801.719460
line 593.169209 350.629785 598.710263 299.438350
line 1949.270125 396.359885 1871.677964 412.157212
line 1649.924189 460.541768 1680.804609 446.006585
line 1021.727415 601.174119 1036.830860 602.413082
line 1949.780124 595.450081 1958.433455 615.491820
line 971.079252 611.745320 966.385827 640.545281
line 1462.978232 623.815878 1490.561165 629.675492
line 1499.411849 631.654934 1523.124902 635.625587
line 1167.204952 649.793793 1180.797847 655.189568
line 837.858539 722.771906 883.303786 736.273207
line 415.615394 743.140436 425.627428 749.371098
line 1825.268616 768.307023 1848.213999 774.017383
line 1791.545184 770.041580 1771.569304 781.334247
line 1401.992102 774.787727 1332.283830 794.565922
line 1768.402240 776.303913 1751.849787 783.063257
line 311.759248 802.947099 302.447919 809.005532
line 1196.879742 814.071373 1220.623950 814.442219
line 1698.448693 817.626388 1716.206595 829.154602
line 1168.351429 836.590611 1187.513057 807.292301
line 630.297092 309.634007 600.352912 303.127132
line 868.757401 364.867821 810.164025 315.930293
line 636.465954 320.918391 667.377169 364.014816
line 1554.284873 409.060319 1569.307032 408.195027
line 258.095373 508.125596 256.208042 414.363264
line 1873.519809 469.614074 1868.939589 429.282492
line 1383.126275 559.337309 1406.891364 560.141306
line 865.829623 681.165988 854.445561 677.880509
line 1530.547701 669.382242 1533.366463 699.469486
line 1233.304479 719.317301 1240.432684 741.490521
line 1399.367223 783.098134 1332.078436 802.577733
line 1181.875277 838.191697 1168.125514 838.248773
line 599.091782 298.076860 627.098483 304.676632
line 606.871384 308.139559 664.539623 322.462167
line 747.482061 324.142526 684.313386 298.275466
line 1654.150778 450.263974 1687.688445 429.434749
line 790.636246 456.876069 791.942557 443.131421
line 1049.467354 485.184160 1023.098350 485.920079
line 1994.203673 541.912250 1994.680923 528.092398
line 1964.434250 608.073970 1951.161313 592.663089
line 1338.070622 656.440800 1354.223820 654.417836
line 495.625648 212.471880 475.624315 212.493590
line 620.366543 315.424734 639.205575 320.063128
line 830.080260 365.446596 785.282079 337.718011
line 291.759128 439.559012 277.901119 441.065368
line 978.816526 477.493755 970.552358 478.967713
line 324.234012 426.849207 325.776726 493.179616
line 1833.258224 505.613549 1835.729589 534.366010
line 1475.728579 534.367261 1474.228751 514.292536
line 1976.041932 546.735936 1978.337539 574.252988
line 1405.630238 586.699372 1383.112986 586.027840
line 1357.140307 625.076582 1343.456357 630.251246
line 1046.127166 646.425444 1035.571363 643.306530
line 1236.508807 690.968186 1238.406518 698.049557
line 1532.725882 731.930682 1541.298866 793.379771
line 849.016625 748.010840 864.093318 752.767768
line 1269.488935 805.215401 1293.143104 802.008541
line 1735.870628 848.446160 1721.783531 844.720888
line 711.164329 336.830938 717.990311 340.853554
line 316.633763 410.626922 316.752976 503.126768
line 443.166974 492.937474 353.134237 490.308639
line 1600.774256 494.644214 1580.705671 505.770508
line 1518.121726 602.879328 1523.097539 628.130411
line 1183.918473 646.823566 1186.746756 621.719722
line 558.635761 800.748540 561.699349 788.082515
line 1426.162248 783.248893 1387.464081 798.381446
line 1067.838080 830.187594 1077.557083 828.535015
line 1896.586824 830.401653 1915.727865 805.704724
line 606.762296 312.440474 620.705810 315.219550
line 1764.298441 301.206484 1705.255005 342.032107
line 640.767402 320.148617 688.487244 334.413171
line 2045.599156 386.622086 1949.458926 396.446304
line 1979.210290 531.503096 1975.279526 546.455576
line 1383.140901 587.868759 1405.631861 589.264444
line 1148.164930 606.018272 1121.869708 606.657219
line 932.871526 651.949992 932.308677 640.665717
line 1501.568653 728.895979 1524.345810 714.329357
line 863.370432 756.049395 849.371204 751.887770
line 99.272765 770.182420 132.045260 762.612067
line 1203.123987 818.150283 1194.338018 817.798416
line 1596.216062 824.644032 1592.618238 815.831901
line 1645.702589 865.006997 1643.405911 856.203951
line 206.756647 157.654484 214.985961 155.584487
line 1220.899368 523.056132 1220.096794 534.425950
line 1304.527918 556.879392 1305.031134 539.357944
line 1066.825589 603.772508 1053.060359 602.722092
line 1300.910949 612.567577 1315.831853 620.221766
line 1288.143033 623.796049 1251.889272 622.666800
line 901.861276 706.940488 890.582705 704.576818
line 1405.235229 798.381893 1433.973770 787.102696
line 350.496790 225.110484 310.195867 235.152852
line 712.829731 396.847695 711.443782 411.835124
line 726.536209 401.837956 725.035765 415.560572
line 1607.874866 481.044037 1606.147526 468.571995
line 570.895522 553.241162 574.627249 504.394271
line 2027.859758 587.984128 2024.867477 540.515160
line 1343.086147 630.076967 1321.942418 631.575958
line 1695.437263 839.651348 1681.687752 830.310632
line 1804.289218 846.169164 1789.357840 847.983802
line 702.080196 372.999017 690.640032 354.365771
line 1045.729611 484.607197 1040.736930 484.798358
line 1928.964921 559.374957 1928.968180 528.124827
line 1979.302073 604.533140 1960.037442 595.649091
line 1865.461430 817.771514 1877.779446 820.018952
line 1661.637282 820.970464 1675.055004 830.203349
line 654.947042 325.246170 684.808610 370.337845
line 1822.431144 396.811085 1823.881574 409.431707
line 256.904858 412.057161 324.235015 401.020971
line 1590.902773 472.397302 1587.073937 490.666692
line 1309.365879 554.364973 1318.509497 546.047698
line 2042.294517 602.007070 2025.678358 607.050785
line 1263.064817 671.192056 1310.745316 666.990327
line 568.653704 789.231520 565.927506 802.936525
line 1751.589887 783.720293 1721.796517 796.694780
line 720.798100 791.152683 679.853610 804.584011
line 672.519946 330.221271 699.938767 374.022088
line 1868.429814 428.126465 1868.507990 411.864823
line 1915.604789 445.495482 1939.361461 441.788242
line 799.123425 459.456667 800.155690 446.836612
line 1482.400380 559.492658 1478.744518 536.977373
line 1945.982755 537.096067 1931.562777 560.432069
line 1488.309275 616.708998 1478.795035 606.147455
line 1494.344468 667.390855 1513.113990 666.610259
line 1220.612037 685.423336 1306.907230 679.876419
line 173.321124 751.236464 116.095331 769.591369
line 207.641398 792.576577 173.664345 769.155971
line 1388.939577 797.881866 1370.987213 803.117083
line 1602.718948 845.227932 1596.034489 831.020451
line 307.834316 120.552295 250.624980 133.124911
line 299.238910 237.757835 236.548475 260.994048
line 1481.687777 537.949375 1485.037847 558.222027
line 1221.868010 674.528239 1184.332072 672.816148
line 1309.173552 672.091140 1318.889130 681.146305
line 806.892987 711.664133 804.535414 725.438510
line 330.323174 817.810127 370.660507 776.910018
line 129.786949 158.904799 149.239394 161.602736
line 615.804214 315.486367 640.287337 347.136203
line 779.215483 374.436531 788.323439 398.048455
line 1746.701017 409.018538 1705.503602 429.126275
line 447.872901 428.116271 445.663568 491.919620
line 1339.339607 611.369028 1315.618240 613.028363
line 1962.037725 615.604492 1960.777584 605.605770
line 946.454760 613.836843 931.679500 625.374643
line 1253.112253 624.752253 1288.114526 625.934985
line 890.582389 644.338459 902.144328 630.855963
line 19.440652 701.136407 54.346803 696.655353
line 1849.960970 771.994474 1838.497782 708.282832
line 679.556218 805.245322 614.762628 818.736630
line 1219.384442 818.738142 1204.350682 818.515255
line 1803.198963 829.164349 1777.094891 819.998739
line 1713.354165 848.778980 1730.275134 855.284946
line 718.652526 256.571562 649.399095 233.054045
line 996.849919 339.651840 975.435942 337.711816
line 1238.461191 373.771951 1231.488647 353.693241
line 758.152596 364.363029 773.961436 400.804411
line 1886.667858 404.484352 1960.700366 391.040008
line 1283.008657 602.956024 1292.379834 606.936466
line 1481.973985 606.085736 1496.896048 607.957169
line 2003.351702 610.577733 2006.505134 625.702117
line 1165.504574 673.585687 1156.702530 671.284781
line 1144.485249 685.873249 1165.480313 676.549206
line 1528.476130 692.233890 1501.857170 698.043303
line 815.939922 729.191908 811.983813 749.396306
line 1779.152372 817.537049 1805.379070 826.356344
line 748.588232 362.925321 758.334177 385.534833
line 894.630261 391.627620 872.661859 369.831907
line 1605.967035 457.689932 1599.485595 460.410258
line 1067.405273 525.701556 1075.195557 523.387955
line 1983.268348 580.586955 1987.316505 595.839580
line 2025.805777 606.533964 2013.063961 609.068092
line 1153.327858 660.798385 1176.954268 657.431196
line 1330.757565 802.735339 1272.053086 811.780768
line 1763.551234 850.281479 1769.071908 851.758144
line 599.714897 323.159645 596.397713 355.703762
line 1808.172837 383.928221 1823.135147 385.530233
line 974.553741 479.220505 960.446857 478.270618
line 268.120192 501.976473 311.890389 504.050189
line 1160.354753 541.846275 1158.093339 563.121635
line 1565.734855 591.002923 1524.013269 603.130571
line 1160.883846 639.238639 1166.365202 649.643564
line 912.143432 714.521318 920.976407 698.316547
line 1516.926424 714.448082 1503.859595 723.642524
line 259.185353 755.478589 268.499410 743.414052
line 1492.742640 755.070966 1506.468964 745.597890
line 751.873770 273.127553 719.143646 257.355093
line 325.056919 403.079243 324.488633 425.659319
line 1927.189597 580.676661 1929.653764 565.670777
line 1495.613007 622.003206 1482.989608 620.822364
line 1045.637371 658.089176 1025.108882 650.999893
line 194.209932 674.668183 219.605180 688.966168
line 855.027230 707.183522 870.611280 713.160770
line 1557.433134 691.363037 1508.378488 728.460195
line 1648.449463 737.853339 1625.025686 709.876784
line 1593.612632 814.665052 1588.669015 780.366420
line 54.297733 785.092506 70.627580 786.851040
line 218.007470 799.121933 195.679202 809.491708
line 746.551849 327.498265 760.453411 334.705946
line 974.414628 337.897066 954.347863 338.675102
line 1203.150563 357.507368 1194.953400 374.042050
line 1914.286180 451.184046 1930.746240 449.068157
line 1663.316339 499.007024 1701.021352 518.612750
line 1253.013748 546.862962 1250.177206 573.076545
line 1967.902740 597.574111 1989.367627 604.398192
line 413.231061 626.027334 385.538984 622.562463
line 1444.673029 653.342693 1442.794717 645.128838
line 1612.491857 661.868910 1612.763432 689.378569
line 758.199623 775.803969 740.627432 783.130832
line 733.065072 786.666011 723.162456 789.505621
line 1201.641465 371.567071 1203.449141 377.534157
line 830.040929 481.818378 826.644559 516.852660
line 1129.120170 680.172184 1144.179644 684.986133
line 1946.875000 704.375000 1971.875000 704.375000
line 936.577975 714.324074 932.687631 737.014329
line 897.383706 734.752110 910.632248 716.880373
line 301.861104 750.653155 315.894339 757.579285
line 1611.910262 262.428442 1592.453794 267.743681
line 1788.150249 406.061908 1770.492506 407.082367
line 734.422081 445.725643 735.979595 425.652514
line 443.048529 485.623486 444.088345 433.094582
line 1424.375252 558.019604 1396.875409 557.953873
line 1985.227390 573.501882 1989.539055 563.750220
line 503.103475 634.671473 416.764070 628.402874
line 183.294665 678.326793 190.767122 672.044034
line 1352.059462 678.986339 1373.812371 689.310459
line 418.711465 776.845529 416.986395 815.685466
line 697.905833 391.860445 696.825904 408.121739
line 937.861958 460.763110 909.206980 429.529146
line 1059.355557 594.921730 1088.158037 595.946019
line 1524.595110 713.428442 1539.176542 702.851407
line 1841.803201 711.512688 1853.104799 709.273062
line 1263.093987 836.528443 1236.830587 838.878704
line 40.627467 375.868086 0.618902 376.274159
line 2045.647861 375.851320 1950.482482 385.464083
line 35.658092 415.749716 33.590703 395.577272
line 1368.270192 586.940425 1375.879799 570.053077
line 998.163063 617.713916 978.103556 615.856596
line 1477.700628 639.236370 1460.761265 632.768141
line 1451.391959 698.574054 1455.664466 679.383787
line 55.733339 687.787099 0.620062 694.333424
line 1691.883997 788.143313 1663.776694 801.951553
line 478.119765 819.182486 510.625269 819.256235
line 510.524891 817.408220 528.109127 820.709547
line 1286.873892 821.710216 1274.374457 821.794287
line 1758.116941 830.720046 1745.495702 829.649823
line 87.219063 83.198008 66.082293 99.467107
line 1230.840115 355.861381 1214.917513 341.742166
line 1212.717573 340.456822 1204.495069 360.376636
line 785.759813 359.156807 841.560463 393.634070
line 1912.185137 574.736256 1929.055630 560.252989
line 1268.191149 615.410886 1296.983384 613.572298
line 1235.608834 637.200185 1190.595798 634.962386
line 1198.132624 661.448224 1290.636266 660.591573
line 1837.939254 703.287944 1828.272124 618.108303
line 1615.257285 705.879565 1597.887602 680.789348
line 0.611074 696.759420 55.714795 690.120286
line 2008.125000 704.375000 2034.375000 704.375000
line 1509.926628 753.072385 1481.540795 766.149561
line 0.583220 787.315309 53.136794 784.603564
line 135.921230 808.933325 160.681869 825.540210
line 1692.085750 827.590452 1704.453690 823.354769
line 1784.279105 291.700120 1765.647792 301.916565
line 789.317496 441.870216 788.069462 456.870379
line 1975.405059 535.888123 1960.423909 523.365572
line 1898.845083 581.538159 1913.864762 590.254248
line 1906.705754 590.807543 1891.784225 576.972906
line 1590.627917 590.624613 1592.809699 607.082508
line 858.488029 732.766647 842.220390 729.094795
line 870.742862 736.434467 858.995982 733.291652
line 1223.238952 808.986206 1229.734207 831.772608
line 662.090883 400.971645 647.953395 397.593074
line 1939.403045 444.560602 1910.556163 448.919431
line 797.815868 445.593406 796.412180 459.327698
line 640.640305 520.345051 618.139220 519.114896
line 577.128570 544.394939 579.097701 519.353195
line 1439.381119 587.834845 1415.615327 587.333691
line 2015.838264 606.558036 2035.931366 601.965363
line 1253.124024 631.828022 1290.633801 631.048515
line 836.974605 676.994651 855.916209 661.226374
line 848.168903 672.945751 882.030666 681.239444
line 1328.098647 696.939623 1314.735861 683.965839
line 1623.535468 711.545841 1631.840634 721.902558
line 790.834216 758.534832 758.472287 775.055299
line 1667.187879 803.728912 1693.499241 790.097352
line 454.310452 816.308099 476.962542 818.448565
line 235.961220 260.958802 195.453109 246.093402
line 1334.812491 528.048279 1333.503537 541.910743
line 967.115842 611.988137 973.282107 598.861607
line 1117.652114 611.846471 1116.515981 630.678752
line 384.492318 622.569179 338.446815 612.850321
line 1025.544275 621.042311 1034.444824 622.764045
circle 1663.154381 744.851635 -1.262942 -1.262942 0.000000 2.792453 8.640778
line 1705.657352 811.956216 1752.019680 793.488207
line 689.689374 336.176420 715.271627 379.583264
line 58.624531 591.836253 41.950202 376.869167
line 1614.931157 475.287816 1630.669846 465.698606
line 1887.850457 701.688637 1886.594376 686.689146
line 839.270957 717.217684 864.245853 724.800369
line 841.645603 729.851712 823.490542 721.115365
line 1730.782979 836.439330 1748.956462 843.029235
line 592.201640 283.194238 592.756736 270.553934
line 607.446370 323.637570 621.458645 342.189473
line 1809.363902 442.102109 1807.026451 429.122616
line 1084.343291 485.951885 1061.932912 483.777989
line 1311.302395 519.287729 1310.398072 538.173987
line 1884.377742 551.873808 1894.395683 574.909612
line 1344.414520 673.346027 1374.351447 667.993271
line 893.107300 743.257535 869.281429 740.075655
line 268.244231 777.071798 241.840768 793.068499
line 834.532906 380.393951 847.129374 389.002800
line 1331.995560 414.483310 1323.116161 424.367060
line 933.605279 484.206636 935.649020 459.689603
line 955.562825 592.248356 966.914348 594.138721
line 1444.703218 668.096761 1443.510522 654.234283
line 175.562267 769.362286 175.852792 739.365100
line 190.547860 243.407332 139.362125 229.422121
line 1807.100197 263.526392 1748.964281 296.142932
line 1769.736666 324.890557 1689.838250 380.939718
line 664.898696 428.166805 666.699271 405.610972
line 1349.863033 411.521767 1345.725769 408.006404
line 801.421775 395.776742 809.327865 419.390781
line 418.101684 517.456223 508.107274 521.066881
line 1307.810283 645.129687 1293.256197 639.060391
line 1996.038969 629.329584 1997.965779 646.892468
line 1549.206002 719.157551 1534.403578 730.661771
line 877.962353 728.578614 896.959227 735.390096
line 430.547171 754.333491 419.232258 775.548871
line 420.675860 812.673816 453.185478 816.338494
line 860.031872 390.411703 829.936793 364.091159
line 1692.003478 379.464825 1675.925618 402.461243
line 1888.110144 568.131688 1883.056212 556.905969
line 933.710564 627.264263 952.110439 613.060696
line 1741.843714 761.944444 1764.292455 772.058220
line 902.959063 781.406679 876.825337 775.858946
line 705.378603 342.012867 729.386074 384.919392
line 1949.498022 386.265148 1887.881230 398.106538
line 1022.193007 485.113586 1004.494371 483.244598
line 650.627709 514.331839 608.138192 511.664826
line 1877.904983 525.350139 1884.714655 550.867934
line 1129.384070 604.416726 1146.872855 600.615133
line 1512.253531 606.967572 1492.996892 603.939758
line 949.278527 691.526627 938.186811 694.598205
line 1333.011325 700.888330 1328.455278 696.782835
line 174.608429 739.384311 175.558208 715.572477
line 376.559220 802.799394 357.507011 821.276676
line 1653.562404 809.412943 1614.632768 822.634003
line 199.101125 162.041843 208.797284 159.590177
line 798.961689 429.343375 798.193708 439.380257
line 1330.882971 443.929750 1340.687205 449.610176
line 335.575739 511.576158 415.555429 515.718328
line 1933.697610 520.584935 1931.773338 553.118987
line 1239.043384 600.619515 1238.815681 614.386424
line 220.035980 689.284890 249.452133 704.223111
line 2045.696026 694.201239 2019.395585 695.936927
line 880.556611 760.932774 903.056691 765.932412
line 1696.894505 811.842347 1720.452162 825.914345
line 1824.839983 257.498397 1804.084586 266.180758
line 725.615867 346.899105 681.973894 330.363984
line 608.825918 369.327455 607.312573 386.804652
line 665.710408 383.135129 663.792696 399.305944
line 667.164350 400.644526 668.267293 384.300250
line 663.953883 405.592341 662.300776 426.908020
line 1356.636941 415.108446 1352.037807 411.657994
line 751.374281 409.435257 750.275618 423.096903
line 1339.988675 453.708064 1347.006260 447.012574
line 824.247036 518.111914 827.701587 484.331699
line 1827.939973 609.396511 1818.199610 525.616326
line 906.199992 727.683780 896.336786 742.773196
line 1428.751298 737.749006 1438.158375 740.511341
line 1653.152367 779.506346 1669.475091 776.105379
line 1888.375558 235.116187 1825.838575 256.256787
line 667.238337 365.528987 666.005268 376.916178
line 1870.376177 492.942370 1878.548615 466.135219
line 337.960853 611.879409 335.307546 513.099951
line 1930.635943 696.670931 1949.399019 697.677085
line 1777.763042 760.149568 1804.715890 764.968272
line 1469.141301 762.642044 1426.862981 783.100163
line 2024.465400 215.356995 1956.733892 221.592172
line 1955.810683 221.543860 1889.004980 235.043942
line 1592.439631 264.734783 1587.859445 267.349468
line 1005.054352 458.154291 1003.639923 430.598569
line 1616.958444 480.750694 1632.845438 470.203886
line 1875.113450 498.162031 1877.113320 525.788721
line 1433.397545 495.403932 1229.128242 511.179953
line 2045.673847 533.372863 2026.913435 537.070028
line 1508.069981 618.527485 1488.101380 615.797790
line 1624.195081 701.504802 1632.606175 715.175122
line 1395.273302 739.980096 1414.176234 750.966978
line 1936.868792 819.429635 1951.958050 821.144046
line 119.352399 831.603140 133.111225 830.459303
line 2045.643417 215.545384 2024.339683 215.880617
line 596.510249 359.340170 592.691290 399.333585
line 668.796661 378.190813 670.143030 364.450255
line 1208.022069 394.808898 1218.612225 397.321139
line 716.863915 518.308399 685.577109 516.417337
line 1345.278676 556.862157 1346.483992 524.360500
line 1883.342239 557.145399 1875.043676 525.449926
line 1415.625000 555.625000 1439.375000 555.625000
line 1621.391681 691.132000 1624.661278 702.310006
line 1156.676267 711.034297 1162.650313 718.504610
line 845.736964 766.601646 817.171385 754.901391
line 1297.990599 800.944763 1281.947823 794.201741
line 44.395074 145.407634 71.776982 147.936367
line 656.061146 288.904348 595.813116 273.632859
line 578.082130 439.370820 583.091064 387.999810
line 419.379928 425.552210 438.128612 426.821648
line 805.443431 448.104495 804.018066 460.725856
line 1640.452666 713.576534 1653.541698 731.242412
line 41.887279 216.349707 0.601399 215.384663
line 1580.695730 267.305755 1575.056155 284.597158
line 696.154234 413.124963 696.155791 435.625050
line 305.709920 506.968217 276.840212 504.848881
line 978.112704 619.491443 996.917014 621.477136
line 2021.264706 629.290986 2023.061096 642.969228
line 1313.427786 635.157429 1335.863872 649.686414
line 817.175654 701.889114 817.881001 686.863546
line 931.272333 737.239939 906.828455 780.598760
line 1774.397812 781.918648 1794.211992 771.563102
line 1861.990092 777.512247 1891.874913 783.125462
line 296.805772 785.877585 310.551040 789.644850
line 1756.909689 808.042388 1778.544136 817.126836
line 194.305346 163.243923 201.798933 163.024712
line 1120.192911 435.038559 1111.496575 429.375770
line 1963.678351 511.308460 1981.634416 529.611030
line 1927.686335 565.392330 1913.188469 576.954584
line 1436.856527 613.509317 1378.122060 610.686155
line 1359.353481 614.111619 1328.107797 616.664443
line 133.028245 761.560477 155.690801 754.588899
line 155.884631 825.179323 135.515397 813.313143
line 1916.201342 820.399272 1920.852707 832.275388
line 219.410540 87.454341 194.216327 86.119226
line 150.172741 161.245226 165.486347 164.948373
line 138.280569 229.880980 127.948201 227.720553
line 582.877093 385.708780 585.186296 358.088322
line 1869.033697 538.105757 1870.310111 515.466296
line 321.873321 529.410355 261.830640 526.559180
line 509.461672 521.822197 504.412191 633.069951
line 721.405653 705.554481 712.368977 765.699219
line 874.543734 775.056232 846.882397 766.850065
line 453.051688 830.092446 419.397631 826.653525
line 586.134545 346.941904 587.811541 334.169717
line 1201.276957 347.749455 1196.609093 357.902159
line 813.089415 450.620961 811.656969 463.242124
line 321.867425 515.814664 265.607317 513.567780
line 779.365056 520.851513 759.348757 519.972799
line 1031.474027 526.007593 1045.183595 519.670127
line 645.625000 553.125000 605.625000 553.125000
line 713.141879 552.579509 681.879876 553.328501
line 1416.865777 578.836375 1433.132412 578.557844
line 479.403097 657.862905 416.818331 651.153611
line 127.079018 226.466376 42.134195 216.017794
line 683.796692 404.419337 684.870079 388.157679
line 676.974942 438.894299 661.599996 435.697717
line 1021.628690 470.584188 1027.406589 435.713081
line 710.609470 585.462291 679.405126 588.440636
line 643.126346 590.661160 601.886973 592.196590
line 896.800532 730.951952 871.950822 725.292100
line 1852.773510 726.929393 1859.560822 770.789680
line 1434.458424 787.038080 1479.754472 763.866806
line 406.525460 797.728153 397.235252 807.227327
line 114.496556 86.314729 91.791351 87.179992
line 952.491402 311.113650 944.248707 317.973243
line 1714.560575 419.720654 1694.347030 430.572903
line 1642.892900 477.378025 1622.882814 483.595565
line 1870.300973 514.497719 1868.855509 495.957872
line 1599.434393 644.363352 1603.632831 665.770556
line 1884.319034 685.785898 1877.683799 631.929357
line 1441.941699 680.836115 1439.016257 664.439004
line 1950.629959 698.724454 2034.384568 698.031660
line 2004.329338 787.553254 2038.094607 789.826447
line 1293.237819 832.400628 1372.110391 815.471697
line 683.440807 298.428002 656.816849 289.549375
line 1809.830966 306.528696 1768.880683 327.190455
line 1876.170141 480.612180 1875.874263 496.879534
line 1928.459142 528.264927 1934.477076 513.894289
line 832.926406 735.019059 877.891027 748.883797
line 705.319710 789.320283 715.181837 734.295572
line 1258.135692 822.312654 1244.363374 822.649117
line 1708.428983 832.875681 1691.806888 835.120702
line 627.493498 396.825316 626.410660 410.588467
line 1873.097485 419.243037 1940.532703 405.182343
line 1520.623647 595.619592 1556.798975 586.571057
line 415.568156 650.919597 329.158604 634.246488
line 1157.450130 721.681545 1145.162539 716.785678
line 1921.858378 776.975478 1936.861373 779.457373
line 1601.904777 795.709208 1633.217582 784.636824
line 130.519170 808.464070 108.238916 801.510021
line 165.248823 80.027016 122.849897 83.695263
line 181.798661 167.371453 190.583535 167.036733
line 610.653297 293.014346 636.792199 299.698785
line 595.718561 298.136346 591.182436 335.541012
line 607.321248 393.064212 605.521011 416.867135
line 682.458672 388.069517 681.106304 404.310993
line 1687.135284 393.330975 1681.560258 400.375929
line 1023.274980 445.649226 1019.244067 470.603850
line 1476.880944 494.692544 1434.302274 495.489499
line 1993.211410 563.143255 1995.393959 552.812116
line 7.211395 609.423727 9.239232 595.424270
line 1591.930376 635.619426 1588.654135 603.071737
line 734.802457 579.418435 725.409906 671.853144
line 721.678583 685.604435 728.607539 619.425522
line 1616.430377 687.127509 1621.102305 695.353930
line 905.606149 764.459254 881.922981 759.160543
line 1874.475258 761.381289 1892.013538 764.942781
line 396.443972 787.410221 383.544169 807.148939
line 655.773481 296.264416 595.679507 281.650858
line 1998.182507 594.128162 2001.014444 580.446871
line 521.872522 658.254464 480.613711 657.464888
line 1694.524308 811.116765 1677.908410 816.161633
line 123.368201 86.157980 115.318567 86.803445
line 1818.283902 410.610027 1823.464735 465.592988
line 1290.637553 636.393514 1248.128477 637.087847
line 1539.312551 649.398990 1522.416791 605.416871
line 1319.055936 653.815715 1306.850661 648.177690
line 1960.609138 695.922867 1928.134665 694.193514
line 1253.412440 743.739525 1242.868860 718.230871
line 1647.019049 745.497468 1633.532458 730.264261
line 711.896955 766.879268 707.500219 789.496541
line 1281.416663 793.402370 1266.657192 769.013268
line 1885.627655 798.107504 1905.548297 801.130454
line 181.060693 84.161964 162.819203 82.156511
line 246.064992 91.681504 219.701711 87.374973
line 719.250885 330.959797 683.306770 317.634681
line 1213.677797 328.029494 1211.904936 340.971562
line 947.870718 471.814900 948.407366 491.867443
line 1440.637111 563.965528 1428.111097 563.595051
line 1592.016890 608.102493 1596.812219 638.333239
line 715.036221 733.219673 720.423137 695.596097
line 372.406294 793.521862 383.027823 779.302412
line 164.159307 166.093085 174.492856 165.601266
line 1677.348922 402.711759 1662.627060 430.359860
line 608.123638 509.396867 634.349727 511.030688
line 1896.870419 693.169945 1929.414544 696.487026
line 1673.186229 765.654855 1678.086031 755.605999
line 1266.579144 770.796251 1253.536566 744.147118
line 233.131273 776.938588 218.031598 778.428240
line 1724.163644 824.713576 1704.718414 812.574877
line 1972.202701 819.721433 1956.138079 834.917408
line 193.468111 83.398443 177.687111 80.966599
line 1670.821389 278.646039 1728.198047 294.103863
line 1659.523576 477.205814 1633.942348 488.694883
line 276.915710 508.706733 310.616791 510.759747
line 1873.031918 576.883112 1869.760193 539.341431
line 776.855569 549.062309 756.855125 550.305175
line 1608.232837 646.023198 1613.166556 660.174718
line 833.064096 682.040528 853.109870 689.416121
line 629.346630 699.123299 600.679044 702.354490
line 1871.246120 740.533099 1874.222274 760.647597
line 29.369746 759.282578 65.644644 757.220573
line 393.369828 803.273571 401.268735 790.257095
line 1764.011243 845.036706 1745.823229 835.038261
line 1242.662761 373.423424 1230.584091 379.290783
line 758.243114 456.383395 736.733152 451.215389
line 1864.181196 484.396834 1858.262206 431.859542
line 1701.817972 474.242621 1660.535095 475.945691
line 1008.162247 589.067386 991.848716 587.092070
circle 659.988781 595.772979 -2.483357 -2.483357 0.000000 5.612106 11.257436
line 1186.878197 675.464282 1213.142670 675.986747
line 1243.709109 718.408211 1235.165536 698.320415
line 1978.125000 705.625000 2001.875000 705.625000
line 64.372120 788.022993 5.633644 789.681199
line 138.912159 255.790033 22.448781 242.021559
line 1732.125921 292.215697 1673.366175 276.001017
line 610.622953 385.624685 612.562416 373.038310
line 884.725235 415.390250 878.550395 406.177703
line 2018.127430 696.054952 1961.879226 696.372794
line 2013.126998 725.707634 1989.360669 726.282138
line 379.634302 808.299781 393.199280 788.175068
line 168.198227 266.632520 134.609147 256.488820
line 784.006905 455.637694 783.898885 441.868929
line 959.557271 444.271520 971.727656 465.708651
line 774.385372 576.949012 754.426999 579.746044
line 879.005980 619.295385 883.866756 596.765348
line 885.856249 634.415866 888.074057 621.865997
line 1245.650857 644.841948 1191.876939 643.066285
line 2045.667513 724.116103 2013.173680 725.509898
line 1213.711616 755.710279 1216.280620 738.038593
line 1908.047716 809.311631 1892.321545 828.491143
line 1840.702873 294.189944 1810.654923 307.306991
line 2039.333734 397.583814 2010.465638 399.785016
line 891.679421 433.190191 885.804562 415.565148
line 1037.854809 470.503270 1047.968666 448.054567
line 1583.453072 485.233908 1504.116935 492.982848
line 1457.630569 646.865721 1457.395613 659.384771
line 215.002359 709.722299 230.646221 720.594465
line 155.802971 753.130041 156.796607 718.051963
line 1657.636674 773.574314 1643.858696 758.600057
line 1701.895245 769.370408 1706.454753 789.470330
line 1905.868659 803.330814 1886.969694 825.704986
line 14.385726 826.455965 56.889873 827.543952
line 175.483176 166.316519 180.939754 165.888604
line 681.831824 317.017741 646.994394 306.480278
line 1637.985952 315.240945 1663.140243 319.280073
line 1223.037470 336.632925 1218.218023 328.840572
line 877.761634 406.182205 873.649055 400.918958
line 911.562166 435.548496 903.956060 434.144343
line 1727.868881 432.011940 1739.205818 453.215457
line 1245.625000 675.625000 1270.625000 675.625000
line 1192.316798 714.337983 1193.686260 730.682707
line 1988.153705 726.348097 1954.367781 724.507513
line 2023.121742 830.549784 2045.633645 829.574556
line 174.571717 162.324618 200.735457 150.877461
line 29.466045 243.720039 0.232089 245.162616
line 38.183520 244.115775 31.955249 244.483649
line 35.713140 251.707096 25.596825 251.078241
line 2023.166669 248.014169 2005.541224 248.321572
line 1598.908704 620.366731 1605.588742 640.636949
line 1178.655066 644.230392 1172.884716 643.073826
line 1973.082626 781.180142 2003.193430 783.478499
line 1278.124627 833.121440 1291.984369 831.667719
line 37.275758 239.130120 29.753602 238.031870
line 1197.511282 390.655108 1201.668530 397.083337
line 410.624521 467.013914 389.374774 466.940632
line 1881.296264 465.430058 1876.627165 479.291519
line 1490.661883 496.021607 1476.834823 496.331323
line 1644.044422 516.283828 1625.500959 526.653177
line 1836.357801 533.167017 1841.123882 591.834471
line 1844.375460 624.374938 1848.946241 658.182967
line 66.984456 715.204390 0.571419 723.968997
line 1925.571522 773.719407 1958.145241 776.650027
line 351.988571 805.723190 367.062917 788.287466
line 331.166258 826.193877 351.026927 807.297437
line 2045.674543 244.773536 2019.351316 244.617381
line 2004.657593 249.051816 1985.419930 250.638253
line 183.658030 272.077304 168.633095 264.659826
line 1759.321769 749.482756 1776.863499 758.148281
line 565.126942 756.790147 560.432958 784.342282
line 206.301147 280.479031 185.197607 270.257393
line 1455.836726 620.178680 1445.561913 622.885530
line 1855.775017 691.862100 1854.058655 671.902203
line 2045.641493 687.370433 1991.867861 689.160548
line 1963.133674 689.242315 1936.914008 687.528287
line 549.516141 763.154502 544.748409 785.964327
line 342.200205 827.198675 358.411787 810.910437
line 1950.314434 831.420708 1969.498657 818.305885
line 167.114351 73.721084 160.342795 72.869797
line 180.512602 75.239505 168.060570 73.620564
line 258.121492 151.035776 265.621361 151.004427
line 454.375000 178.125000 479.375000 178.125000
line 1609.097858 469.118200 1606.294524 461.279640
line 13.211811 685.718720 0.602926 686.533319
line 238.978712 781.422779 247.645558 773.827888
line 425.580279 180.033577 453.111901 177.951768
line 1984.448585 251.141505 1965.373415 253.859074
line 1989.379615 689.186034 1969.391540 688.697827
line 230.677102 721.750940 243.704305 727.221999
line 188.410381 172.781930 201.949814 175.207371
line 216.128760 286.634034 206.886885 279.799128
line 828.382059 604.407141 822.765199 649.330013
line 818.506255 708.001397 828.144406 701.905683
line 1279.322113 798.155319 1268.449143 779.189174
line 1270.842892 821.596097 1259.987072 824.031901
line 746.149209 448.149457 747.024824 429.381990
line 541.838476 797.059697 538.964344 815.943008
line 1299.153093 837.734104 1281.624977 847.684575
line 171.875000 1.875000 139.375000 1.875000
line 2004.452209 240.426030 1993.079928 241.261436
line 928.309497 824.987285 938.871966 828.043104
